,date,tavg,tmin,tmax,prcp,snow,wdir,wspd,wspt,pres,tsun
0,2015-01-02,6.0,4.9,8.3,0.0,0.0,255.4,21.2,58.0,,42.0
1,2015-01-03,3.9,2.7,5.6,0.1,0.0,263.3,17.6,49.3,,0.0
2,2015-01-04,3.5,2.7,4.5,1.5,0.0,297.9,23.0,52.9,,6.0
3,2015-01-05,3.1,2.2,4.2,0.0,0.0,286.7,14.8,54.4,,78.0
4,2015-01-06,1.9,-0.1,4.1,0.0,0.0,182.1,6.5,32.4,,36.0
5,2015-01-07,4.2,2.5,7.1,0.2,0.0,260.8,12.2,38.2,,126.0
6,2015-01-08,5.1,2.6,8.3,4.5,0.0,250.4,15.5,63.7,,6.0
7,2015-01-09,7.5,4.3,10.5,1.6,0.0,259.2,23.8,85.0,,12.0
8,2015-01-10,10.6,4.3,14.7,3.0,0.0,265.8,24.8,87.5,,96.0
9,2015-01-11,4.2,2.4,5.5,0.2,0.0,270.4,23.4,62.6,,120.0
10,2015-01-12,6.5,4.9,8.4,0.1,0.0,244.2,19.4,54.0,,0.0
11,2015-01-13,9.9,7.3,12.5,0.9,0.0,231.3,16.9,59.4,,348.0
12,2015-01-14,5.4,2.2,8.1,2.6,0.0,249.6,11.9,54.7,,288.0
13,2015-01-15,6.6,2.4,10.1,0.7,0.0,191.7,14.8,61.9,,60.0
14,2015-01-16,7.0,4.2,10.1,2.1,0.0,202.1,7.9,35.6,,6.0
15,2015-01-17,2.7,-2.4,5.1,0.0,0.0,267.5,6.1,24.8,,192.0
16,2015-01-18,0.8,-2.5,3.6,0.0,0.0,209.6,7.6,33.5,,150.0
17,2015-01-19,-0.8,-3.9,1.6,0.0,0.0,161.7,3.6,27.4,,0.0
18,2015-01-20,-0.2,-1.7,0.8,2.5,0.0,276.7,4.7,18.4,,0.0
19,2015-01-21,-1.6,-3.0,-0.2,0.0,10.0,160.8,6.1,20.5,,138.0
20,2015-01-22,-1.0,-1.7,-0.2,0.3,0.0,197.5,5.8,19.1,,0.0
21,2015-01-23,-1.4,-2.0,-0.8,0.0,0.0,312.9,7.2,22.0,,0.0
22,2015-01-24,-0.4,-5.3,2.2,0.6,0.0,195.0,9.4,37.1,,366.0
23,2015-01-25,1.9,-0.1,4.1,3.6,0.0,295.8,11.2,32.8,,120.0
24,2015-01-26,2.6,-0.3,4.5,2.3,0.0,221.3,10.8,43.6,,0.0
25,2015-01-27,3.2,1.6,5.1,0.0,0.0,298.8,20.5,50.8,,96.0
26,2015-01-28,3.6,1.7,5.1,1.5,0.0,241.7,13.3,54.7,,18.0
27,2015-01-29,2.0,0.6,4.2,1.4,0.0,217.1,12.6,43.9,,270.0
28,2015-01-30,1.0,-1.1,3.2,1.3,0.0,226.3,9.4,34.9,,48.0
29,2015-01-31,0.8,-1.9,5.0,0.6,10.0,260.8,8.3,30.6,,198.0
30,2015-02-01,0.9,-2.6,3.8,0.0,0.0,250.8,9.7,28.4,,432.0
31,2015-02-02,1.3,-1.3,3.9,0.0,0.0,256.7,9.4,36.0,,252.0
32,2015-02-03,0.3,-3.8,2.8,0.8,0.0,274.6,10.8,40.3,,156.0
33,2015-02-04,-1.5,-3.6,0.2,0.0,10.0,298.8,9.4,23.8,,108.0
34,2015-02-05,-2.2,-4.7,-0.5,0.0,10.0,197.1,7.2,23.8,,18.0
35,2015-02-06,-4.1,-5.7,-3.0,0.0,0.0,152.1,4.0,16.6,,0.0
36,2015-02-07,-0.9,-8.2,3.9,1.0,0.0,274.6,13.0,56.9,,282.0
37,2015-02-08,1.5,-0.9,3.4,0.2,0.0,312.5,18.7,61.6,,426.0
38,2015-02-09,4.8,1.1,6.3,0.0,0.0,296.7,24.1,56.2,,0.0
39,2015-02-10,5.0,4.4,5.7,0.0,0.0,301.3,16.6,40.7,,0.0
40,2015-02-11,3.9,-2.0,7.7,0.0,0.0,183.8,6.8,23.0,,264.0
41,2015-02-12,-1.6,-4.7,-0.8,0.0,0.0,201.7,3.2,14.0,,0.0
42,2015-02-13,0.0,-2.8,5.9,0.0,0.0,159.6,2.9,13.7,,270.0
43,2015-02-14,1.1,-3.7,6.8,0.0,0.0,137.5,4.0,12.6,,552.0
44,2015-02-15,-1.6,-5.7,0.9,0.0,0.0,219.2,3.2,11.5,,0.0
45,2015-02-16,1.6,-1.2,6.0,0.0,0.0,115.0,11.2,31.0,,264.0
46,2015-02-17,0.6,-4.7,4.1,0.0,0.0,252.1,6.5,23.8,,0.0
47,2015-02-18,3.5,0.1,8.5,0.0,0.0,232.9,6.8,29.9,,378.0
48,2015-02-19,2.4,-2.6,9.5,0.0,0.0,232.5,7.6,33.1,,576.0
49,2015-02-20,5.5,-0.7,10.7,0.0,0.0,216.3,16.6,53.6,,444.0
50,2015-02-21,5.0,-0.7,8.4,0.1,0.0,190.8,10.1,34.6,,30.0
51,2015-02-22,2.2,-1.8,6.2,0.0,0.0,221.7,5.4,37.1,,204.0
52,2015-02-23,2.9,0.7,3.9,1.7,0.0,204.2,12.6,45.4,,0.0
53,2015-02-24,4.3,1.4,6.1,0.0,0.0,230.0,10.1,37.1,,174.0
54,2015-02-25,4.0,-2.4,9.0,0.0,0.0,248.8,7.9,29.2,,426.0
55,2015-02-26,3.9,-3.4,10.4,0.0,0.0,180.4,7.6,28.4,,564.0
56,2015-02-27,4.4,2.3,7.8,2.5,0.0,233.8,9.0,30.2,,120.0
57,2015-02-28,3.4,-0.7,8.0,0.0,0.0,232.9,8.6,27.7,,552.0
58,2015-03-01,5.5,1.9,10.1,0.5,0.0,202.9,13.7,49.0,,180.0
59,2015-03-02,5.6,1.7,8.6,1.2,0.0,249.2,17.3,56.2,,486.0
60,2015-03-03,4.7,1.5,9.8,1.7,0.0,257.5,18.0,48.2,,408.0
61,2015-03-04,3.5,1.4,6.8,1.1,0.0,252.1,14.0,46.4,,282.0
62,2015-03-05,3.9,1.3,6.3,0.0,0.0,299.2,17.6,49.3,,72.0
63,2015-03-06,5.3,2.7,7.1,0.0,0.0,255.8,8.6,24.8,,0.0
64,2015-03-07,8.2,1.2,13.4,0.0,0.0,232.5,10.4,37.1,,492.0
65,2015-03-08,12.8,7.7,18.7,0.0,0.0,242.9,11.5,32.4,,564.0
66,2015-03-09,9.1,4.0,13.5,0.0,0.0,211.3,7.6,26.3,,300.0
67,2015-03-10,6.2,2.0,10.3,0.7,0.0,282.1,7.9,26.3,,48.0
68,2015-03-11,4.9,2.2,8.0,0.0,0.0,302.9,15.1,39.6,,144.0
69,2015-03-12,2.5,0.4,5.0,0.0,0.0,210.8,5.8,18.7,,0.0
70,2015-03-13,2.1,-0.4,5.2,0.4,0.0,147.5,5.0,18.4,,12.0
71,2015-03-14,2.8,1.4,3.9,4.0,0.0,192.5,6.1,19.8,,0.0
72,2015-03-15,4.3,2.6,5.5,0.0,0.0,78.8,11.2,28.8,,0.0
73,2015-03-16,6.1,-0.9,12.3,0.0,0.0,135.8,10.4,46.4,,180.0
74,2015-03-17,7.1,-0.8,14.4,0.0,0.0,115.0,7.2,31.7,,624.0
75,2015-03-18,7.2,-0.3,15.2,0.0,0.0,124.2,7.9,28.8,,654.0
76,2015-03-19,4.6,-2.6,12.6,0.0,0.0,211.7,4.3,18.7,,660.0
77,2015-03-20,5.0,-2.9,13.4,0.0,0.0,285.8,4.3,21.2,,660.0
78,2015-03-21,2.7,-3.5,6.6,2.2,0.0,240.8,6.5,29.5,,18.0
79,2015-03-22,0.9,-2.6,5.5,0.0,0.0,80.0,7.9,32.4,,276.0
80,2015-03-23,4.6,-3.9,12.2,0.0,0.0,154.6,4.0,17.6,,486.0
81,2015-03-24,6.4,1.1,10.4,0.0,0.0,243.8,4.3,16.9,,6.0
82,2015-03-25,7.8,-1.5,16.0,0.0,0.0,152.9,8.3,41.4,,558.0
83,2015-03-26,6.4,4.6,8.0,0.0,0.0,263.8,12.6,41.0,,0.0
84,2015-03-27,6.7,4.9,9.3,0.1,0.0,258.8,15.1,42.8,,156.0
85,2015-03-28,7.9,4.6,12.4,0.3,0.0,245.4,10.1,36.7,,246.0
86,2015-03-29,10.3,6.4,11.6,3.8,0.0,,16.9,69.8,,30.0
87,2015-03-30,5.7,2.4,9.4,4.1,0.0,276.3,25.2,92.9,,438.0
88,2015-03-31,6.2,2.3,11.6,7.4,0.0,246.3,25.2,85.0,,318.0
89,2015-04-01,4.1,0.9,7.7,6.9,0.0,283.3,24.5,69.5,,270.0
90,2015-04-02,2.2,0.1,5.5,3.7,20.0,283.3,18.0,62.3,,150.0
91,2015-04-03,4.1,-0.9,8.2,0.1,0.0,290.0,12.6,38.9,,228.0
92,2015-04-04,2.9,-1.3,9.4,0.2,0.0,246.7,6.5,36.4,,390.0
93,2015-04-05,4.1,-1.0,9.6,0.0,0.0,302.5,8.6,27.4,,504.0
94,2015-04-06,4.9,-1.1,10.1,0.0,0.0,213.3,9.0,32.4,,360.0
95,2015-04-07,6.5,-2.1,11.7,0.0,0.0,296.3,11.5,38.9,,612.0
96,2015-04-08,8.4,6.4,11.6,0.0,0.0,310.8,14.0,41.0,,138.0
97,2015-04-09,10.6,6.4,16.8,0.0,0.0,118.8,5.8,21.6,,462.0
98,2015-04-10,13.6,4.6,21.1,0.0,0.0,151.7,5.8,23.8,,534.0
99,2015-04-11,14.4,5.9,20.6,1.0,0.0,227.5,15.1,53.3,,444.0
100,2015-04-12,10.9,4.8,15.7,0.0,0.0,245.4,10.4,43.6,,708.0
101,2015-04-13,8.9,3.2,13.6,0.0,0.0,291.3,19.4,65.9,,540.0
102,2015-04-14,11.1,0.8,17.6,0.0,0.0,248.8,9.0,33.1,,546.0
103,2015-04-15,16.5,8.6,24.1,0.0,0.0,258.3,12.2,43.6,,726.0
104,2015-04-16,9.9,6.9,13.6,0.0,0.0,305.8,11.5,33.1,,132.0
105,2015-04-17,7.0,2.7,10.7,0.0,0.0,307.9,9.7,33.8,,120.0
106,2015-04-18,6.8,0.4,12.3,0.0,0.0,316.3,7.2,25.9,,594.0
107,2015-04-19,8.2,1.2,15.2,0.0,0.0,163.8,5.4,23.4,,786.0
108,2015-04-20,10.7,1.6,19.6,0.0,0.0,311.7,10.8,37.4,,810.0
109,2015-04-21,12.0,2.8,19.8,0.0,0.0,299.6,16.6,54.0,,822.0
110,2015-04-22,7.1,1.4,12.3,0.1,0.0,273.3,10.8,38.5,,192.0
111,2015-04-23,9.2,-0.2,17.7,0.0,0.0,267.1,5.0,21.6,,714.0
112,2015-04-24,14.2,3.9,21.6,0.0,0.0,215.8,8.3,34.2,,720.0
113,2015-04-25,14.9,9.1,20.1,0.0,0.0,236.3,8.6,41.0,,54.0
114,2015-04-26,14.1,8.4,18.9,3.8,0.0,226.3,7.6,32.4,,180.0
115,2015-04-27,8.9,5.4,11.1,3.2,0.0,310.4,7.6,27.7,,0.0
116,2015-04-28,7.3,3.0,12.8,0.0,0.0,283.3,12.2,50.0,,480.0
117,2015-04-29,9.0,0.9,15.0,0.0,0.0,203.3,7.6,39.6,,708.0
118,2015-04-30,10.5,6.0,16.1,5.9,0.0,232.5,9.7,65.2,,312.0
119,2015-05-01,8.3,1.8,13.1,0.0,,287.5,7.2,25.6,,660.0
120,2015-05-02,8.5,1.3,15.4,0.0,,246.7,5.4,22.7,,582.0
121,2015-05-03,11.6,2.3,18.4,4.8,,153.8,10.1,40.7,,252.0
122,2015-05-04,17.3,11.5,23.0,0.0,,234.2,8.6,35.6,,618.0
123,2015-05-05,19.2,11.7,26.7,0.0,,187.9,13.3,58.7,,330.0
124,2015-05-06,15.1,9.7,20.9,0.0,,211.7,11.2,47.5,,612.0
125,2015-05-07,12.1,5.4,17.0,0.0,,261.7,10.4,42.1,,348.0
126,2015-05-08,13.4,5.7,20.0,0.0,,115.0,6.8,24.8,,276.0
127,2015-05-09,15.2,8.1,20.0,0.6,,258.8,8.6,43.6,,234.0
128,2015-05-10,12.6,5.8,16.7,0.0,,291.7,14.4,47.9,,798.0
129,2015-05-11,15.8,4.4,23.4,0.0,,155.4,8.3,31.7,,696.0
130,2015-05-12,18.3,10.0,27.7,6.5,,206.3,11.2,81.4,,336.0
131,2015-05-13,13.3,7.6,17.9,0.0,,283.8,9.7,32.8,,528.0
132,2015-05-14,10.0,4.5,14.4,0.0,,260.8,9.0,31.3,,450.0
133,2015-05-15,10.6,2.2,17.7,0.0,,263.8,6.5,23.4,,786.0
134,2015-05-16,11.0,3.9,15.8,0.1,,252.9,9.0,39.2,,312.0
135,2015-05-17,11.3,6.6,15.7,0.0,,287.9,11.5,35.6,,384.0
136,2015-05-18,14.9,5.9,21.4,0.0,,202.5,7.6,36.4,,318.0
137,2015-05-19,14.1,7.5,18.5,0.0,,249.6,10.8,35.6,,516.0
138,2015-05-20,11.1,5.8,16.0,0.0,,250.4,5.4,23.4,,138.0
139,2015-05-21,10.3,3.9,15.7,0.0,,288.3,8.3,33.8,,594.0
140,2015-05-22,13.7,5.3,19.6,0.0,,217.1,4.3,20.2,,492.0
141,2015-05-23,15.1,11.5,19.9,0.0,,298.8,7.6,33.5,,102.0
142,2015-05-24,14.5,7.1,20.5,0.3,,238.8,5.4,22.7,,660.0
143,2015-05-25,14.0,6.6,19.6,2.3,,283.8,8.3,32.0,,354.0
144,2015-05-26,10.0,5.6,14.6,0.0,,290.4,10.8,36.0,,96.0
145,2015-05-27,10.6,7.9,14.6,0.0,,290.8,11.9,36.4,,90.0
146,2015-05-28,13.4,9.5,19.3,2.6,,235.0,11.9,47.2,,168.0
147,2015-05-29,13.9,8.1,19.6,0.3,,223.8,8.6,40.0,,438.0
148,2015-05-30,11.2,7.8,16.7,0.0,,261.7,13.0,66.2,,432.0
149,2015-05-31,15.4,5.1,21.6,1.9,,200.4,11.2,41.8,,420.0
150,2015-06-01,12.9,7.7,18.2,0.7,,227.5,9.4,49.0,,38.0
151,2015-06-02,17.2,8.3,23.5,0.0,,195.4,13.3,54.0,,355.0
152,2015-06-03,17.2,9.0,22.9,0.0,,273.3,12.2,47.9,,415.0
153,2015-06-04,14.9,5.6,21.5,0.0,,157.1,5.8,23.4,,865.0
154,2015-06-05,21.0,7.9,31.2,0.0,,145.8,9.0,34.9,,917.0
155,2015-06-06,21.9,16.1,28.2,0.0,,286.7,9.4,35.6,,585.0
156,2015-06-07,17.1,12.5,22.6,0.0,,190.8,6.5,22.7,,409.0
157,2015-06-08,13.6,8.4,18.4,0.0,,317.1,9.4,29.5,,546.0
158,2015-06-09,13.6,7.6,18.6,0.0,,172.5,7.6,29.9,,381.0
159,2015-06-10,15.1,8.1,21.4,0.0,,165.4,5.8,23.4,,253.0
160,2015-06-11,17.2,12.5,21.1,0.0,,159.6,4.3,19.1,,97.0
161,2015-06-12,19.7,11.1,27.4,0.0,,137.5,7.2,28.4,,786.0
162,2015-06-13,19.7,14.6,26.1,2.8,,213.3,5.4,41.0,,266.0
163,2015-06-14,17.4,12.8,21.0,0.0,,285.0,9.7,32.8,,755.0
164,2015-06-15,14.6,8.6,19.9,0.0,,327.1,9.4,32.4,,590.0
165,2015-06-16,11.5,5.8,15.4,0.0,,311.3,8.3,30.2,,409.0
166,2015-06-17,14.8,5.9,22.1,1.8,,263.3,6.5,20.9,,767.0
167,2015-06-18,15.6,11.5,20.1,0.5,,280.8,11.2,45.4,,139.0
168,2015-06-19,12.6,10.0,17.4,0.3,,291.7,14.4,42.8,,71.0
169,2015-06-20,12.2,9.9,16.9,0.1,,291.7,14.4,47.9,,84.0
170,2015-06-21,13.7,7.7,18.5,0.4,,266.7,5.8,21.6,,12.0
171,2015-06-22,13.3,10.8,16.2,12.8,,250.0,5.8,28.4,,3.0
172,2015-06-23,12.4,9.4,17.5,0.1,,283.8,13.3,51.8,,458.0
173,2015-06-24,13.2,10.2,17.4,0.0,,286.3,12.6,38.9,,166.0
174,2015-06-25,17.6,11.9,22.9,0.0,,224.2,5.8,25.9,,294.0
175,2015-06-26,18.9,12.1,23.9,0.0,,190.4,6.1,29.2,,173.0
176,2015-06-27,18.1,12.9,21.5,3.5,,252.1,9.4,41.0,,146.0
177,2015-06-28,17.1,10.4,23.2,0.2,,296.3,8.3,27.7,,678.0
178,2015-06-29,20.6,14.2,27.1,0.0,,259.6,7.2,28.4,,354.0
179,2015-06-30,20.1,13.8,26.2,0.0,,270.8,6.8,24.5,,896.0
180,2015-07-01,21.5,11.5,29.1,0.0,,157.9,8.3,33.8,,954.0
181,2015-07-02,24.6,13.6,32.8,0.0,,103.8,10.1,35.3,,946.0
182,2015-07-03,25.4,17.3,33.7,0.0,,163.8,6.8,39.2,,683.0
183,2015-07-04,29.5,18.9,38.2,0.0,,199.2,5.8,29.5,,768.0
184,2015-07-05,25.7,19.0,36.0,40.8,,215.8,7.2,74.2,,518.0
185,2015-07-06,20.6,14.5,25.6,0.0,,288.3,10.4,40.7,,744.0
186,2015-07-07,22.5,13.1,32.4,5.4,,184.2,7.2,86.0,,638.0
187,2015-07-08,18.1,14.4,21.3,3.5,,257.5,14.4,55.1,,309.0
188,2015-07-09,14.7,10.5,19.0,0.0,,284.2,18.7,55.4,,561.0
189,2015-07-10,14.3,9.2,19.5,0.0,,295.0,15.1,48.2,,681.0
190,2015-07-11,18.3,9.1,25.6,0.0,,158.8,5.0,22.3,,711.0
191,2015-07-12,17.0,13.5,23.2,12.5,,250.0,6.8,36.0,,57.0
192,2015-07-13,16.8,14.8,20.4,3.5,,248.8,9.0,36.7,,61.0
193,2015-07-14,18.5,15.5,23.8,4.2,,245.8,9.0,45.0,,100.0
194,2015-07-15,19.1,14.3,24.4,1.2,,255.4,6.1,24.1,,351.0
195,2015-07-16,21.3,16.4,27.0,0.0,,272.5,6.1,22.7,,681.0
196,2015-07-17,23.7,15.1,33.6,0.0,,198.8,5.8,31.3,,530.0
197,2015-07-18,22.0,17.3,25.8,0.0,,297.5,8.6,34.2,,427.0
198,2015-07-19,17.8,13.8,23.3,7.7,,252.1,7.6,36.4,,71.0
199,2015-07-20,20.5,13.8,26.9,0.7,,252.1,8.3,34.2,,589.0
200,2015-07-21,23.8,19.9,28.8,1.2,,251.3,10.8,48.2,,538.0
201,2015-07-22,24.0,18.8,29.4,0.8,,267.5,7.2,28.1,,235.0
202,2015-07-23,19.6,14.2,23.9,0.0,,284.6,7.9,34.9,,357.0
203,2015-07-24,20.9,13.3,27.1,2.1,,163.8,9.4,32.4,,642.0
204,2015-07-25,19.5,14.0,25.7,0.4,,205.0,18.0,69.5,,402.0
205,2015-07-26,16.4,12.6,21.8,1.1,,252.5,11.2,45.0,,551.0
206,2015-07-27,16.0,12.7,19.7,5.1,,207.1,9.4,32.8,,36.0
207,2015-07-28,16.6,13.7,20.1,0.0,,249.2,14.8,46.8,,389.0
208,2015-07-29,15.1,12.2,19.9,0.3,,250.4,14.8,49.0,,558.0
209,2015-07-30,15.2,11.8,20.1,0.0,,265.8,15.1,46.1,,350.0
210,2015-07-31,14.2,7.8,19.7,0.0,,285.0,7.9,28.4,,652.0
211,2015-08-01,17.0,7.0,26.5,0.0,,176.7,5.4,29.2,,636.0
212,2015-08-02,20.1,10.8,28.1,0.0,,305.0,6.5,30.2,,825.0
213,2015-08-03,23.0,11.5,32.1,0.0,,157.5,6.8,29.2,,844.0
214,2015-08-04,23.5,15.4,34.5,4.2,,223.3,10.1,56.5,,591.0
215,2015-08-05,20.2,13.6,26.4,0.0,,178.3,6.1,22.0,,822.0
216,2015-08-06,24.7,13.7,34.8,0.0,,149.6,4.3,23.4,,731.0
217,2015-08-07,25.2,16.4,32.8,0.0,,221.7,7.9,47.2,,761.0
218,2015-08-08,23.2,18.6,29.9,0.0,,301.3,11.9,43.6,,517.0
219,2015-08-09,21.6,14.6,28.7,0.0,,162.5,7.2,22.3,,652.0
220,2015-08-10,24.6,15.9,33.4,0.0,,157.1,6.8,36.4,,768.0
221,2015-08-11,22.8,17.7,28.2,0.0,,310.0,13.3,41.0,,610.0
222,2015-08-12,21.6,16.2,27.3,0.0,,247.5,7.2,23.8,,451.0
223,2015-08-13,23.3,16.2,30.6,8.6,,157.9,8.6,32.4,,552.0
224,2015-08-14,23.8,18.8,32.6,13.3,,136.3,9.0,43.2,,544.0
225,2015-08-15,21.8,17.9,26.7,1.7,,232.1,5.0,20.5,,178.0
226,2015-08-16,19.5,16.0,23.5,59.0,,292.1,7.9,31.3,,118.0
227,2015-08-17,18.3,14.7,22.6,37.7,,240.0,6.1,26.6,,4.0
228,2015-08-18,15.3,14.5,17.2,16.7,,277.1,4.0,14.4,,0.0
229,2015-08-19,16.5,13.1,20.1,0.3,,220.0,5.8,24.8,,82.0
230,2015-08-20,16.5,12.3,21.2,0.0,,145.4,4.3,19.4,,269.0
231,2015-08-21,18.0,10.0,25.0,0.0,,189.6,4.7,24.1,,782.0
232,2015-08-22,17.9,9.7,25.1,0.0,,165.8,5.8,28.8,,790.0
233,2015-08-23,17.5,9.4,23.7,5.4,,165.8,9.4,38.2,,747.0
234,2015-08-24,20.6,15.9,27.0,1.7,,154.2,10.1,32.8,,384.0
235,2015-08-25,17.4,15.8,20.4,0.0,,217.9,14.8,56.5,,306.0
236,2015-08-26,21.0,15.5,26.2,0.0,,188.8,11.2,41.8,,689.0
237,2015-08-27,20.7,15.4,24.2,18.9,,201.7,8.3,40.7,,11.0
238,2015-08-28,16.3,13.2,20.0,0.0,,206.7,5.0,22.0,,223.0
239,2015-08-29,17.9,10.4,25.1,0.0,,178.8,6.1,32.8,,638.0
240,2015-08-30,23.1,14.5,32.6,0.0,,162.9,6.1,29.9,,599.0
241,2015-08-31,25.8,18.4,33.3,0.0,,182.1,5.8,24.1,,720.0
242,2015-09-01,18.7,13.1,25.6,11.6,,243.3,9.4,44.3,,160.0
243,2015-09-02,15.0,10.6,19.9,5.7,,273.8,4.7,22.3,,526.0
244,2015-09-03,14.1,10.4,20.1,0.6,,257.5,4.7,31.3,,375.0
245,2015-09-04,14.0,9.8,18.2,0.0,,230.0,7.9,36.7,,376.0
246,2015-09-05,13.6,10.8,18.3,1.2,,255.4,15.1,51.5,,317.0
247,2015-09-06,12.7,10.8,15.8,0.5,,282.5,21.2,56.9,,158.0
248,2015-09-07,13.2,8.2,17.7,0.3,,297.9,11.2,36.7,,452.0
249,2015-09-08,13.3,7.6,18.7,0.0,,297.9,7.6,30.6,,564.0
250,2015-09-09,13.5,8.6,18.1,0.0,,150.0,6.5,24.5,,378.0
251,2015-09-10,11.5,6.6,18.1,0.1,,197.9,5.4,31.3,,182.0
252,2015-09-11,12.0,8.3,17.3,0.1,,173.8,5.0,18.7,,84.0
253,2015-09-12,14.9,8.2,22.7,0.2,,122.9,6.1,24.8,,298.0
254,2015-09-13,18.8,15.8,23.3,0.7,,145.8,5.4,19.8,,167.0
255,2015-09-14,15.6,11.9,19.3,4.3,,186.3,7.6,36.0,,146.0
256,2015-09-15,14.4,10.8,18.1,0.3,,178.3,12.2,49.3,,444.0
257,2015-09-16,15.1,9.4,19.0,1.1,,143.8,7.6,27.7,,31.0
258,2015-09-17,17.1,12.6,21.4,0.0,,200.4,10.8,41.4,,70.0
259,2015-09-18,15.1,11.5,19.7,0.0,,235.4,7.9,27.0,,431.0
260,2015-09-19,13.5,10.0,18.1,1.0,,238.3,6.5,30.2,,199.0
261,2015-09-20,12.1,9.2,16.3,7.5,,285.8,9.7,47.2,,151.0
262,2015-09-21,13.2,10.2,17.8,0.3,,244.2,4.7,20.9,,179.0
263,2015-09-22,13.8,10.2,17.5,0.4,,170.8,7.9,29.2,,75.0
264,2015-09-23,12.6,10.3,15.3,0.0,,209.2,8.3,24.5,,55.0
265,2015-09-24,13.6,9.5,18.5,0.0,,227.9,7.6,34.6,,423.0
266,2015-09-25,13.8,9.4,17.8,0.0,,273.8,5.0,23.4,,139.0
267,2015-09-26,11.3,6.4,16.7,0.0,,312.1,5.0,22.3,,303.0
268,2015-09-27,10.2,5.4,16.3,0.0,,307.5,5.8,29.5,,388.0
269,2015-09-28,9.9,3.6,17.5,0.0,,257.1,4.3,19.8,,528.0
270,2015-09-29,9.5,5.2,15.8,0.0,,186.7,5.4,25.9,,250.0
271,2015-09-30,9.0,2.3,15.4,0.0,,195.4,4.7,20.5,,289.0
272,2015-10-01,8.2,1.5,15.7,0.0,0.0,170.0,5.4,27.7,,641.0
273,2015-10-02,8.7,0.6,17.8,0.0,0.0,199.2,4.7,20.9,,662.0
274,2015-10-03,11.8,2.4,20.3,0.0,0.0,190.0,5.4,22.7,,592.0
275,2015-10-04,13.2,8.0,19.8,0.0,0.0,292.9,4.3,20.9,,407.0
276,2015-10-05,13.4,7.3,19.7,1.4,0.0,164.2,6.1,27.7,,252.0
277,2015-10-06,13.9,9.6,18.2,4.0,0.0,105.4,8.6,24.5,,32.0
278,2015-10-07,15.5,13.5,19.8,0.0,0.0,144.2,4.7,23.0,,39.0
279,2015-10-08,14.2,12.6,15.6,0.0,0.0,300.0,6.1,20.9,,0.0
280,2015-10-09,10.3,7.5,13.1,0.2,0.0,131.7,6.5,20.2,,0.0
281,2015-10-10,6.8,0.5,10.8,0.0,0.0,72.9,7.2,27.4,,488.0
282,2015-10-11,3.2,-1.6,9.1,0.0,0.0,172.1,7.9,33.8,,612.0
283,2015-10-12,2.0,-3.4,8.2,0.0,0.0,195.4,5.4,25.9,,525.0
284,2015-10-13,3.1,1.6,3.9,3.7,0.0,81.3,7.9,22.7,,0.0
285,2015-10-14,1.8,0.3,3.0,7.9,30.0,179.2,4.3,14.4,,0.0
286,2015-10-15,5.3,2.9,6.6,8.7,0.0,171.3,6.1,22.3,,0.0
287,2015-10-16,6.5,5.7,7.3,4.7,0.0,293.8,5.8,19.1,,0.0
288,2015-10-17,6.9,6.1,8.2,0.2,0.0,197.5,2.2,10.4,,0.0
289,2015-10-18,7.4,5.6,10.2,0.4,0.0,216.7,2.9,12.2,,0.0
290,2015-10-19,6.9,4.9,8.5,7.2,0.0,291.3,4.0,24.1,,0.0
291,2015-10-20,8.7,6.9,10.0,0.3,0.0,291.3,8.6,23.0,,0.0
292,2015-10-21,8.6,5.0,11.7,0.0,0.0,259.6,6.1,23.8,,49.0
293,2015-10-22,10.6,7.3,12.8,0.2,0.0,249.2,10.4,39.6,,12.0
294,2015-10-23,10.6,4.1,14.5,0.0,0.0,265.8,9.0,38.5,,381.0
295,2015-10-24,8.1,1.6,15.1,0.0,0.0,157.5,5.4,29.2,,370.0
296,2015-10-25,9.7,4.4,13.6,0.0,0.0,270.4,6.5,32.0,,0.0
297,2015-10-26,7.5,3.8,12.0,0.0,0.0,121.7,6.1,25.2,,456.0
298,2015-10-27,6.2,2.4,13.6,0.0,0.0,121.7,5.8,29.9,,261.0
299,2015-10-28,5.5,1.3,11.9,0.0,0.0,167.9,5.0,25.9,,235.0
300,2015-10-29,8.7,4.3,12.2,0.0,0.0,263.8,2.9,12.6,,14.0
301,2015-10-30,9.6,6.2,11.3,0.0,0.0,108.8,6.5,20.2,,0.0
302,2015-10-31,8.0,3.5,12.0,0.0,0.0,126.3,9.4,31.3,,422.0
303,2015-11-01,8.3,2.2,17.9,0.0,0.0,170.8,4.0,16.6,,541.0
304,2015-11-02,6.9,-0.3,15.6,0.0,0.0,165.8,3.6,14.0,,529.0
305,2015-11-03,3.8,-2.1,12.8,0.0,0.0,167.9,2.9,10.8,,529.0
306,2015-11-04,8.6,-0.6,17.1,0.1,0.0,122.5,3.6,19.1,,308.0
307,2015-11-05,13.9,10.3,18.7,1.3,0.0,205.4,5.4,21.2,,346.0
308,2015-11-06,14.6,11.7,17.6,4.3,0.0,213.8,7.6,31.7,,42.0
309,2015-11-07,16.9,13.4,19.3,0.4,0.0,243.8,10.1,51.1,,91.0
310,2015-11-08,14.0,9.6,16.7,0.1,0.0,219.6,10.8,41.0,,387.0
311,2015-11-09,15.3,13.4,17.6,0.7,0.0,255.8,15.5,46.4,,130.0
312,2015-11-10,15.2,13.2,18.2,0.0,0.0,265.8,14.8,45.7,,40.0
313,2015-11-11,13.5,9.3,16.1,0.0,0.0,267.9,9.7,32.4,,226.0
314,2015-11-12,11.6,7.7,14.8,0.0,0.0,222.9,10.8,35.3,,174.0
315,2015-11-13,11.4,7.5,14.5,0.9,0.0,206.7,12.2,45.4,,37.0
316,2015-11-14,7.2,5.7,9.4,5.5,0.0,255.4,14.8,47.2,,177.0
317,2015-11-15,12.2,7.6,15.3,3.2,0.0,252.9,16.9,53.6,,10.0
318,2015-11-16,12.0,10.4,13.5,0.0,0.0,245.4,13.7,42.8,,64.0
319,2015-11-17,13.3,11.1,16.1,1.4,0.0,235.0,14.4,54.0,,87.0
320,2015-11-18,12.6,11.2,16.0,0.0,0.0,258.3,21.6,72.7,,215.0
321,2015-11-19,11.4,6.7,13.8,3.1,0.0,262.1,20.5,61.9,,196.0
322,2015-11-20,6.6,3.2,9.3,0.4,0.0,260.4,8.3,28.8,,4.0
323,2015-11-21,4.3,1.5,7.6,0.3,0.0,254.6,8.6,28.4,,203.0
324,2015-11-22,1.4,-0.4,3.8,2.5,0.0,282.1,14.0,43.9,,174.0
325,2015-11-23,0.3,-1.7,2.6,0.1,20.0,290.4,10.1,32.0,,27.0
326,2015-11-24,2.3,-0.2,3.8,0.0,0.0,212.5,10.4,42.8,,118.0
327,2015-11-25,3.4,2.2,4.6,0.6,0.0,235.0,11.2,31.7,,0.0
328,2015-11-26,3.6,0.2,6.8,0.4,0.0,287.1,8.3,28.1,,178.0
329,2015-11-27,2.9,-1.2,6.7,0.0,0.0,227.9,7.9,28.8,,442.0
330,2015-11-28,3.1,-0.3,6.6,1.2,0.0,244.2,14.4,42.5,,94.0
331,2015-11-29,7.1,3.7,10.4,6.3,0.0,238.8,19.1,80.3,,0.0
332,2015-11-30,7.7,5.0,11.0,2.1,0.0,262.1,18.0,66.2,,4.0
333,2015-12-01,7.6,5.9,11.3,0.5,0.0,267.5,14.0,65.5,,92.0
334,2015-12-02,10.5,9.1,11.8,0.0,0.0,251.3,11.5,41.4,,0.0
335,2015-12-03,7.9,4.5,10.4,0.0,0.0,234.2,11.2,36.4,,427.0
336,2015-12-04,7.9,5.2,9.5,0.0,0.0,242.1,14.8,54.7,,71.0
337,2015-12-05,7.3,4.8,8.7,0.0,0.0,237.5,14.8,55.1,,126.0
338,2015-12-06,8.9,6.4,10.7,0.0,0.0,241.3,16.6,49.3,,281.0
339,2015-12-07,10.7,7.2,12.5,0.0,0.0,210.8,7.9,38.5,,0.0
340,2015-12-08,8.6,3.5,15.5,0.6,0.0,150.8,4.0,27.0,,422.0
341,2015-12-09,7.4,3.2,10.0,0.1,0.0,266.7,10.8,37.8,,110.0
342,2015-12-10,5.0,2.0,7.4,0.0,0.0,250.4,8.3,28.1,,383.0
343,2015-12-11,5.3,3.8,6.8,0.3,0.0,247.5,15.8,47.2,,0.0
344,2015-12-12,5.9,2.4,9.7,0.0,0.0,237.9,9.4,41.8,,211.0
345,2015-12-13,5.4,-1.4,11.1,0.1,0.0,258.8,16.2,81.4,,59.0
346,2015-12-14,2.3,-2.0,7.4,0.0,0.0,124.6,4.3,17.3,,0.0
347,2015-12-15,6.8,4.0,9.0,0.0,0.0,174.6,5.8,21.2,,34.0
348,2015-12-16,8.7,5.8,11.1,1.3,0.0,151.7,9.0,32.8,,35.0
349,2015-12-17,12.8,10.6,14.5,0.2,0.0,242.9,12.6,36.7,,60.0
350,2015-12-18,11.8,5.0,14.1,0.0,0.0,242.9,9.7,33.5,,23.0
351,2015-12-19,10.2,5.1,13.5,0.0,0.0,225.4,7.6,28.8,,82.0
352,2015-12-20,10.8,5.5,13.4,0.1,0.0,192.9,9.0,46.8,,59.0
353,2015-12-21,10.8,9.3,12.2,0.0,0.0,235.8,14.8,59.8,,143.0
354,2015-12-22,12.2,10.5,14.1,0.0,0.0,250.4,19.8,59.8,,15.0
355,2015-12-23,11.0,4.7,13.2,0.0,0.0,240.8,15.1,50.4,,214.0
356,2015-12-24,9.0,3.2,12.5,0.1,0.0,184.2,11.5,46.4,,311.0
357,2015-12-25,9.7,7.7,13.0,0.0,0.0,237.9,11.2,40.3,,5.0
358,2015-12-26,13.4,11.1,15.7,0.0,0.0,249.2,15.8,45.4,,248.0
359,2015-12-27,11.0,9.1,12.4,0.0,0.0,240.8,13.7,40.3,,3.0
360,2015-12-28,10.5,6.7,12.5,0.0,0.0,152.5,7.9,25.9,,26.0
361,2015-12-29,6.0,3.3,7.3,0.0,0.0,113.3,11.9,32.8,,80.0
362,2015-12-30,2.8,-0.5,6.4,0.0,0.0,130.8,9.7,29.5,,29.0
363,2015-12-31,3.3,-0.6,6.0,3.5,0.0,190.0,10.4,41.4,,22.0
364,2016-01-01,3.7,1.5,6.4,0.2,0.0,215.4,5.4,24.5,,113.0
365,2016-01-02,-0.9,-5.3,2.4,0.0,0.0,105.0,16.2,44.3,,0.0
366,2016-01-03,-4.6,-5.8,-3.7,0.2,0.0,109.6,18.4,38.5,,0.0
367,2016-01-04,-5.6,-6.6,-4.4,4.1,0.0,98.3,13.0,32.0,,0.0
368,2016-01-05,-6.0,-6.9,-5.2,2.9,40.0,99.6,12.6,31.0,,0.0
369,2016-01-06,-7.1,-7.8,-6.3,1.4,70.0,96.3,9.0,19.8,,0.0
370,2016-01-07,-3.8,-6.6,3.7,0.3,90.0,98.3,13.3,31.0,,30.0
371,2016-01-08,4.5,2.3,6.2,0.0,60.0,250.0,16.2,60.5,,425.0
372,2016-01-09,0.0,-4.6,7.3,0.0,30.0,179.6,4.0,18.7,,403.0
373,2016-01-10,4.6,-2.2,8.6,1.3,20.0,152.9,7.9,26.3,,186.0
374,2016-01-11,4.1,2.7,5.3,4.0,0.0,160.0,7.2,21.2,,0.0
375,2016-01-12,4.8,2.8,7.5,0.2,0.0,258.3,10.1,34.2,,125.0
376,2016-01-13,3.2,0.2,4.7,1.9,0.0,259.6,14.8,63.0,,6.0
377,2016-01-14,2.5,1.2,4.6,0.2,0.0,202.1,9.4,33.5,,312.0
378,2016-01-15,1.0,-0.9,3.7,0.8,0.0,200.8,5.4,22.3,,55.0
379,2016-01-16,-0.1,-1.1,1.3,2.6,0.0,240.8,6.5,32.4,,3.0
380,2016-01-17,-2.1,-3.8,-0.7,0.7,20.0,301.3,7.6,26.6,,0.0
381,2016-01-18,-7.7,-12.5,-0.6,0.0,40.0,213.8,2.5,9.0,,450.0
382,2016-01-19,-6.1,-13.0,-0.4,0.1,30.0,187.5,5.0,24.5,,461.0
383,2016-01-20,-0.8,-3.5,1.4,0.8,30.0,279.6,8.3,29.9,,0.0
384,2016-01-21,-4.7,-11.6,-0.6,0.0,30.0,207.1,4.7,14.8,,365.0
385,2016-01-22,-6.5,-12.8,0.6,5.1,20.0,122.1,5.8,28.4,,470.0
386,2016-01-23,3.1,-0.4,6.6,0.1,30.0,267.5,11.2,45.0,,177.0
387,2016-01-24,5.4,2.5,7.5,1.6,0.0,240.8,7.9,28.4,,21.0
388,2016-01-25,9.9,7.4,13.0,0.0,0.0,241.3,7.9,32.8,,1.0
389,2016-01-26,10.4,9.5,11.5,0.0,0.0,255.0,14.0,44.6,,71.0
390,2016-01-27,11.1,9.2,13.2,1.2,0.0,242.9,18.4,56.9,,126.0
391,2016-01-28,7.6,1.9,12.0,0.5,0.0,267.9,15.1,59.0,,356.0
392,2016-01-29,6.7,1.9,9.2,0.0,0.0,262.1,16.2,55.4,,201.0
393,2016-01-30,7.5,3.4,9.0,0.8,0.0,235.8,17.6,50.8,,0.0
394,2016-01-31,4.2,1.3,6.2,1.9,0.0,255.8,13.7,41.8,,213.0
395,2016-02-01,9.3,4.9,13.1,1.4,0.0,232.1,11.5,59.8,,1.0
396,2016-02-02,9.3,5.3,12.4,1.0,0.0,262.1,20.2,51.8,,173.0
397,2016-02-03,5.2,3.4,7.4,0.0,0.0,262.9,16.2,47.5,,322.0
398,2016-02-04,3.9,2.6,5.1,0.5,0.0,270.4,14.4,42.8,,4.0
399,2016-02-05,4.9,1.8,8.5,1.5,0.0,253.8,11.5,37.1,,0.0
400,2016-02-06,9.6,7.3,13.2,0.0,0.0,212.1,13.3,50.4,,291.0
401,2016-02-07,9.6,7.0,13.3,0.0,0.0,172.1,11.5,46.8,,86.0
402,2016-02-08,7.7,5.3,10.3,1.0,0.0,212.9,18.0,79.6,,107.0
403,2016-02-09,7.6,3.9,9.5,2.8,0.0,215.4,21.2,71.6,,139.0
404,2016-02-10,4.3,3.0,7.0,0.0,0.0,240.8,13.7,50.0,,201.0
405,2016-02-11,4.2,1.1,6.8,0.0,0.0,255.8,13.0,42.8,,341.0
406,2016-02-12,3.2,-2.1,6.7,0.0,0.0,198.3,7.6,25.2,,305.0
407,2016-02-13,0.1,-4.1,3.6,1.7,0.0,155.8,7.6,32.8,,429.0
408,2016-02-14,2.4,0.4,5.3,1.6,0.0,198.3,5.8,22.3,,3.0
409,2016-02-15,1.6,0.0,2.8,3.3,0.0,311.7,11.2,31.3,,0.0
410,2016-02-16,-0.9,-1.5,0.0,0.0,0.0,204.6,7.9,23.0,,0.0
411,2016-02-17,-0.7,-3.1,1.6,0.8,0.0,100.0,7.9,33.1,,240.0
412,2016-02-18,1.6,-1.3,4.0,0.0,10.0,205.0,5.0,18.0,,20.0
413,2016-02-19,1.4,-2.0,4.7,0.0,0.0,257.9,5.4,25.2,,165.0
414,2016-02-20,4.4,0.1,9.0,1.1,0.0,227.9,13.0,58.3,,0.0
415,2016-02-21,10.4,8.1,13.1,0.0,0.0,257.9,16.2,58.3,,0.0
416,2016-02-22,7.0,3.0,12.0,11.8,0.0,276.3,16.2,62.3,,2.0
417,2016-02-23,4.0,2.1,7.4,0.1,0.0,267.1,10.4,36.0,,263.0
418,2016-02-24,2.7,-0.5,6.6,0.0,0.0,278.8,11.5,41.0,,467.0
419,2016-02-25,1.6,-1.1,5.1,0.0,0.0,273.3,9.0,37.1,,297.0
420,2016-02-26,0.8,-3.9,4.8,0.0,0.0,247.5,5.4,18.4,,71.0
421,2016-02-27,-0.4,-5.8,5.3,0.0,0.0,185.0,5.8,27.4,,361.0
422,2016-02-28,0.7,-3.9,5.3,0.0,0.0,246.3,5.8,23.0,,280.0
423,2016-02-29,0.5,-1.6,2.7,0.0,0.0,109.2,7.2,32.8,,0.0
424,2016-03-01,0.8,-2.6,4.2,2.4,0.0,267.9,7.9,45.0,,305.0
425,2016-03-02,4.6,2.0,8.7,0.5,0.0,221.7,13.3,50.4,,12.0
426,2016-03-03,4.0,1.0,8.0,0.0,0.0,200.4,8.3,27.7,,264.0
427,2016-03-04,3.7,-2.7,7.7,0.0,0.0,168.3,11.9,41.0,,409.0
428,2016-03-05,5.6,3.0,9.4,1.1,0.0,160.4,6.8,22.7,,5.0
429,2016-03-06,3.7,1.6,6.6,0.2,0.0,276.7,10.4,37.8,,39.0
430,2016-03-07,1.5,-2.6,6.2,0.0,0.0,196.3,4.3,17.6,,199.0
431,2016-03-08,1.1,-4.7,7.6,0.0,0.0,277.9,4.0,20.5,,354.0
432,2016-03-09,2.3,-3.8,8.4,0.0,0.0,118.3,9.4,38.9,,614.0
433,2016-03-10,1.9,-1.2,4.2,0.0,0.0,277.5,5.0,14.8,,0.0
434,2016-03-11,2.5,0.3,4.0,0.0,0.0,262.1,5.8,16.9,,0.0
435,2016-03-12,2.1,1.6,2.7,0.0,0.0,147.5,5.4,26.3,,0.0
436,2016-03-13,1.5,0.7,2.6,0.0,0.0,49.6,7.2,23.0,,0.0
437,2016-03-14,3.2,-1.4,7.8,0.2,0.0,181.3,5.0,18.4,,621.0
438,2016-03-15,4.4,3.2,7.6,0.7,0.0,194.2,9.0,28.8,,7.0
439,2016-03-16,3.6,-2.6,8.0,0.0,0.0,111.3,11.2,38.2,,199.0
440,2016-03-17,3.5,-4.4,11.8,0.0,0.0,227.1,5.0,19.1,,669.0
441,2016-03-18,3.4,-2.0,7.2,0.4,0.0,299.2,12.2,36.0,,249.0
442,2016-03-19,5.2,3.5,8.2,0.0,0.0,303.8,8.3,38.2,,34.0
443,2016-03-20,5.8,3.7,8.0,0.4,0.0,291.3,17.6,45.4,,14.0
444,2016-03-21,6.3,4.7,8.8,0.6,0.0,290.4,16.2,46.4,,25.0
445,2016-03-22,5.8,4.2,7.9,0.0,0.0,293.8,14.0,35.3,,0.0
446,2016-03-23,5.8,3.7,7.8,0.2,0.0,302.9,10.8,39.6,,3.0
447,2016-03-24,5.8,0.9,10.0,0.1,0.0,251.3,8.3,26.3,,279.0
448,2016-03-25,6.8,5.6,8.4,1.6,0.0,248.3,7.6,27.0,,0.0
449,2016-03-26,9.6,6.3,14.8,0.0,0.0,225.4,9.7,30.6,,480.0
450,2016-03-27,9.4,4.8,15.7,1.8,0.0,,11.2,49.7,,181.0
451,2016-03-28,9.1,5.6,13.7,0.9,0.0,184.2,14.4,56.5,,198.0
452,2016-03-29,8.0,5.8,11.7,0.2,0.0,243.8,15.5,53.6,,333.0
453,2016-03-30,8.6,4.9,12.5,0.2,0.0,228.3,10.1,37.4,,143.0
454,2016-03-31,6.3,4.4,8.5,6.6,0.0,200.8,4.0,19.1,,0.0
455,2016-04-01,7.1,3.7,12.2,0.0,0.0,237.5,5.4,20.5,,544.0
456,2016-04-02,8.8,0.6,16.2,0.0,0.0,124.2,9.0,38.5,,479.0
457,2016-04-03,13.2,4.9,20.4,0.0,0.0,140.8,4.7,19.1,,465.0
458,2016-04-04,15.2,9.2,21.3,0.2,0.0,207.1,5.0,18.7,,152.0
459,2016-04-05,13.7,9.5,19.4,0.1,0.0,233.3,7.9,38.2,,152.0
460,2016-04-06,11.9,7.6,15.6,0.0,0.0,239.6,11.9,46.1,,490.0
461,2016-04-07,9.2,4.0,13.4,0.0,0.0,240.8,10.4,42.8,,275.0
462,2016-04-08,7.7,2.0,13.5,0.0,0.0,276.7,6.8,25.9,,473.0
463,2016-04-09,7.3,-0.6,14.5,0.0,0.0,168.8,6.1,27.0,,392.0
464,2016-04-10,8.2,1.8,14.3,0.0,0.0,161.7,9.7,36.7,,722.0
465,2016-04-11,7.3,0.8,12.2,0.0,0.0,152.5,6.1,26.6,,44.0
466,2016-04-12,12.3,5.8,18.4,0.0,0.0,157.9,5.0,28.8,,326.0
467,2016-04-13,10.8,5.5,15.4,0.9,0.0,285.8,6.8,20.2,,295.0
468,2016-04-14,9.5,6.5,13.9,0.4,0.0,278.8,9.4,31.0,,167.0
469,2016-04-15,9.9,4.8,16.2,0.0,0.0,190.0,8.3,40.0,,187.0
470,2016-04-16,11.6,9.1,14.9,4.0,0.0,210.0,11.9,40.3,,143.0
471,2016-04-17,7.6,2.9,12.0,0.0,0.0,290.0,9.7,33.1,,234.0
472,2016-04-18,7.9,-0.6,13.8,0.0,0.0,281.7,7.9,27.4,,552.0
473,2016-04-19,9.5,5.2,13.4,0.0,0.0,278.3,16.2,47.5,,238.0
474,2016-04-20,7.7,2.4,13.0,0.0,0.0,300.8,13.7,39.6,,686.0
475,2016-04-21,8.4,-1.0,16.2,0.0,0.0,225.0,5.0,18.7,,781.0
476,2016-04-22,8.0,1.9,13.8,0.0,0.0,300.4,9.0,31.3,,638.0
477,2016-04-23,5.5,1.9,9.2,0.0,0.0,301.7,13.0,51.1,,185.0
478,2016-04-24,3.5,-0.8,8.9,0.3,0.0,285.8,13.0,48.6,,412.0
479,2016-04-25,4.6,-0.6,10.1,0.5,0.0,247.1,12.2,39.6,,454.0
480,2016-04-26,4.5,2.6,9.1,2.4,0.0,236.3,11.2,64.8,,394.0
481,2016-04-27,4.6,2.2,8.9,4.5,0.0,233.3,14.0,61.6,,201.0
482,2016-04-28,5.6,0.3,10.9,0.0,0.0,250.4,10.8,37.4,,582.0
483,2016-04-29,8.1,-0.2,14.2,0.0,0.0,177.1,9.7,47.5,,406.0
484,2016-04-30,9.4,2.8,16.7,0.1,0.0,204.6,6.8,33.5,,215.0
485,2016-05-01,11.3,6.4,18.1,0.0,,230.4,10.1,32.8,,524.0
486,2016-05-02,11.9,3.3,18.7,0.0,,194.2,5.8,22.3,,842.0
487,2016-05-03,10.2,4.8,16.6,0.2,,258.8,11.5,56.2,,362.0
488,2016-05-04,8.5,2.8,14.7,0.0,,302.1,9.7,30.2,,424.0
489,2016-05-05,10.7,0.6,18.6,0.0,,182.5,7.6,37.1,,660.0
490,2016-05-06,15.4,4.4,22.9,0.0,,133.8,10.8,39.2,,854.0
491,2016-05-07,17.1,8.6,23.7,0.0,,98.3,12.6,47.2,,869.0
492,2016-05-08,16.8,8.3,22.9,0.0,,99.2,15.5,53.6,,861.0
493,2016-05-09,16.9,7.6,23.5,0.0,,101.7,13.0,50.8,,799.0
494,2016-05-10,17.0,8.1,23.6,0.0,,95.0,11.2,43.2,,839.0
495,2016-05-11,16.9,8.8,23.1,0.0,,97.9,12.2,50.0,,841.0
496,2016-05-12,16.8,7.6,24.3,0.7,,142.5,9.7,39.6,,735.0
497,2016-05-13,15.3,9.6,22.5,0.1,,317.1,9.4,38.5,,615.0
498,2016-05-14,9.0,5.8,12.5,0.0,,293.8,19.1,46.4,,164.0
499,2016-05-15,7.6,4.9,12.5,1.8,,286.3,18.0,60.1,,278.0
500,2016-05-16,8.4,4.2,13.1,0.0,,287.5,13.0,36.4,,197.0
501,2016-05-17,10.0,6.1,13.9,0.0,,241.7,9.4,45.4,,19.0
502,2016-05-18,14.2,9.0,19.8,0.0,,218.3,7.9,34.9,,124.0
503,2016-05-19,14.8,6.6,21.9,0.1,,182.9,5.0,23.8,,322.0
504,2016-05-20,16.3,10.7,21.1,0.0,,256.3,9.0,38.9,,336.0
505,2016-05-21,18.6,13.0,24.2,0.0,,221.3,7.6,30.2,,654.0
506,2016-05-22,21.8,10.6,29.3,1.0,,167.9,10.4,40.3,,790.0
507,2016-05-23,18.1,13.6,22.6,16.0,,271.3,9.4,35.3,,290.0
508,2016-05-24,12.2,10.6,14.4,0.0,,298.3,17.6,42.1,,0.0
509,2016-05-25,12.4,10.2,15.4,0.0,,297.5,6.1,25.9,,0.0
510,2016-05-26,15.0,10.1,20.0,0.0,,242.5,4.3,16.2,,183.0
511,2016-05-27,14.7,9.4,19.9,0.6,,162.1,5.4,20.2,,145.0
512,2016-05-28,16.6,9.4,23.1,9.5,,155.8,5.4,21.6,,386.0
513,2016-05-29,17.7,14.6,21.6,0.0,,256.7,6.5,17.3,,66.0
514,2016-05-30,19.3,14.9,24.5,0.0,,193.3,8.6,35.6,,363.0
515,2016-05-31,19.5,12.6,25.8,4.1,,175.0,6.1,29.9,,742.0
516,2016-06-01,17.3,13.5,21.6,9.3,,252.5,6.1,21.6,,82.0
517,2016-06-02,16.9,11.5,22.1,48.0,,233.3,5.8,37.4,,316.0
518,2016-06-03,19.6,13.4,25.2,0.0,,180.8,8.3,36.4,,564.0
519,2016-06-04,20.2,12.5,26.0,0.0,,191.3,6.1,27.0,,867.0
520,2016-06-05,21.3,13.8,27.5,0.0,,235.4,5.8,20.9,,864.0
521,2016-06-06,20.4,13.7,25.8,0.0,,195.0,6.5,23.8,,894.0
522,2016-06-07,17.0,9.0,26.0,0.0,,,,,,780.0
523,2016-06-08,18.0,12.2,24.5,0.0,,,,43.2,,780.0
524,2016-06-09,15.3,12.1,20.8,0.0,,297.9,11.5,30.2,,397.0
525,2016-06-10,16.0,10.9,21.7,0.0,,301.3,10.1,34.9,,549.0
526,2016-06-11,15.9,12.3,20.1,0.0,,213.3,4.7,19.4,,203.0
527,2016-06-12,15.0,11.5,21.5,3.4,,227.1,5.0,20.5,,105.0
528,2016-06-13,15.4,11.6,20.1,13.8,,160.4,4.3,26.6,,39.0
529,2016-06-14,15.7,11.9,21.9,14.8,,242.1,5.0,27.0,,176.0
530,2016-06-15,16.0,12.4,20.7,0.6,,245.0,6.5,28.1,,316.0
531,2016-06-16,16.1,10.3,20.8,5.3,,167.9,5.4,18.4,,379.0
532,2016-06-17,15.8,13.0,19.5,3.1,,258.3,8.3,39.2,,175.0
533,2016-06-18,16.6,12.5,21.6,0.0,,257.5,8.3,37.8,,304.0
534,2016-06-19,14.6,9.4,17.9,1.6,,292.1,7.2,28.4,,143.0
535,2016-06-20,16.6,7.6,22.1,0.5,,216.3,7.6,32.0,,675.0
536,2016-06-21,19.0,15.0,24.3,0.5,,218.8,8.3,31.7,,290.0
537,2016-06-22,21.0,14.7,26.9,0.1,,185.8,5.0,26.6,,393.0
538,2016-06-23,25.2,14.8,32.6,0.0,,145.0,9.4,36.0,,934.0
539,2016-06-24,24.5,18.5,31.9,0.0,,180.0,7.9,58.3,,698.0
540,2016-06-25,20.1,15.2,24.3,2.1,,303.8,11.2,43.2,,172.0
541,2016-06-26,18.0,12.6,22.9,0.1,,264.6,9.0,31.0,,655.0
542,2016-06-27,17.9,11.6,23.0,1.1,,250.8,9.7,31.7,,695.0
543,2016-06-28,17.3,13.8,21.2,1.5,,209.6,9.0,29.2,,673.0
544,2016-06-29,19.0,14.6,24.2,0.1,,205.4,9.4,35.6,,481.0
545,2016-06-30,19.0,14.0,24.0,0.0,,233.8,7.2,37.4,,145.0
546,2016-07-01,21.7,17.7,27.0,0.0,,216.7,10.4,37.8,,479.0
547,2016-07-02,16.7,11.5,22.2,3.8,,213.3,9.0,37.1,,227.0
548,2016-07-03,15.1,9.7,20.2,2.2,,257.1,8.6,37.1,,583.0
549,2016-07-04,17.0,10.0,23.3,0.0,,209.2,4.0,18.0,,357.0
550,2016-07-05,18.6,11.9,24.7,0.1,,228.3,11.5,50.8,,354.0
551,2016-07-06,16.0,12.4,20.0,0.0,,292.5,19.1,59.4,,490.0
552,2016-07-07,17.2,11.4,22.9,0.0,,284.2,6.8,27.7,,799.0
553,2016-07-08,19.8,13.9,25.2,0.0,,230.4,9.0,38.9,,133.0
554,2016-07-09,19.8,14.3,24.5,0.0,,283.8,11.5,42.8,,580.0
555,2016-07-10,24.5,17.7,30.4,0.0,,206.3,9.0,35.6,,695.0
556,2016-07-11,23.3,19.2,26.8,0.0,,254.2,9.4,37.8,,177.0
557,2016-07-12,21.2,16.8,25.3,0.2,,260.0,8.3,32.8,,429.0
558,2016-07-13,17.0,12.8,21.7,6.8,,215.0,5.8,38.2,,217.0
559,2016-07-14,14.9,11.9,19.4,0.1,,292.5,16.6,45.4,,154.0
560,2016-07-15,15.0,11.2,18.4,0.0,,291.7,17.3,50.4,,105.0
561,2016-07-16,18.5,10.2,23.3,1.4,,290.0,8.6,31.7,,403.0
562,2016-07-17,20.3,15.3,26.1,2.1,,266.7,9.7,40.7,,362.0
563,2016-07-18,20.0,13.1,26.1,0.0,,295.4,10.8,34.9,,532.0
564,2016-07-19,21.7,13.3,29.4,0.0,,270.0,6.5,27.0,,783.0
565,2016-07-20,24.2,14.2,31.5,0.3,,140.0,7.6,39.6,,877.0
566,2016-07-21,23.9,18.7,29.2,0.0,,239.2,7.2,27.7,,353.0
567,2016-07-22,22.0,16.5,30.6,7.2,,217.1,5.8,30.6,,376.0
568,2016-07-23,22.1,16.5,27.6,0.1,,211.3,5.8,19.1,,356.0
569,2016-07-24,23.1,18.2,29.4,0.0,,192.5,5.0,25.9,,417.0
570,2016-07-25,24.0,17.7,30.9,0.0,,266.3,5.8,26.3,,356.0
571,2016-07-26,22.2,18.4,27.7,0.0,,302.9,6.5,20.5,,242.0
572,2016-07-27,21.6,17.2,26.8,0.0,,275.0,6.8,29.9,,303.0
573,2016-07-28,20.5,16.1,25.6,4.8,,250.0,6.1,25.9,,192.0
574,2016-07-29,20.0,15.9,24.8,1.3,,231.7,9.4,31.3,,319.0
575,2016-07-30,19.8,14.8,24.9,0.0,,250.8,8.3,31.7,,200.0
576,2016-07-31,18.1,13.3,24.4,0.7,,252.1,8.3,39.2,,246.0
577,2016-08-01,16.6,11.2,21.9,0.8,,277.1,9.7,33.1,,490.0
578,2016-08-02,16.2,12.4,20.1,2.2,,213.3,5.0,28.8,,4.0
579,2016-08-03,19.2,16.7,22.5,4.0,,212.5,9.0,41.8,,17.0
580,2016-08-04,18.7,15.5,20.9,1.6,,239.2,7.2,27.7,,25.0
581,2016-08-05,18.2,13.9,23.1,0.0,,273.3,9.4,40.3,,318.0
582,2016-08-06,17.1,13.2,22.8,0.5,,279.6,8.6,40.7,,206.0
583,2016-08-07,19.9,11.9,27.4,0.0,,256.7,6.8,31.3,,742.0
584,2016-08-08,21.6,15.1,27.7,0.0,,261.3,12.6,43.2,,449.0
585,2016-08-09,15.9,12.7,20.7,1.2,,295.4,10.1,42.1,,196.0
586,2016-08-10,12.6,8.0,17.0,2.3,,287.5,9.0,41.4,,240.0
587,2016-08-11,13.1,7.5,18.0,0.4,,251.7,8.6,32.4,,297.0
588,2016-08-12,16.8,13.2,20.5,0.8,,238.3,7.2,31.3,,8.0
589,2016-08-13,21.2,15.5,28.4,0.0,,256.3,11.2,35.3,,721.0
590,2016-08-14,18.0,13.3,23.6,0.0,,271.3,7.6,36.4,,315.0
591,2016-08-15,16.9,12.6,21.4,0.0,,319.6,5.8,21.6,,174.0
592,2016-08-16,17.4,12.0,23.5,0.0,,278.3,5.0,25.2,,413.0
593,2016-08-17,15.4,9.3,21.8,0.0,,137.5,5.8,25.2,,718.0
594,2016-08-18,17.2,7.6,25.3,0.0,,239.2,4.7,25.9,,748.0
595,2016-08-19,19.2,8.1,27.8,2.2,,207.1,5.8,25.6,,651.0
596,2016-08-20,20.0,16.3,25.4,1.1,,221.3,7.2,30.6,,122.0
597,2016-08-21,17.4,14.0,21.9,0.6,,240.4,9.7,43.6,,330.0
598,2016-08-22,18.7,13.8,24.0,0.0,,239.2,9.4,30.6,,375.0
599,2016-08-23,21.0,15.8,25.8,0.0,,218.3,7.2,25.6,,155.0
600,2016-08-24,23.1,14.0,31.2,0.0,,155.4,7.2,30.2,,799.0
601,2016-08-25,24.8,13.6,33.3,0.0,,104.2,9.0,31.7,,809.0
602,2016-08-26,27.1,16.2,36.5,0.0,,190.4,7.2,29.5,,799.0
603,2016-08-27,24.9,18.0,33.0,0.0,,203.8,6.1,19.1,,742.0
604,2016-08-28,25.9,15.8,34.9,0.1,,216.3,9.0,47.5,,585.0
605,2016-08-29,19.7,13.2,23.1,0.0,,281.7,11.9,36.7,,262.0
606,2016-08-30,16.8,9.8,24.2,0.0,,194.2,5.4,22.7,,788.0
607,2016-08-31,19.1,8.1,28.3,0.0,,177.1,5.0,26.3,,784.0
608,2016-09-01,20.6,15.1,26.5,0.0,,266.3,7.9,28.8,,532.0
609,2016-09-02,20.2,12.6,27.9,0.0,,242.9,4.7,24.8,,623.0
610,2016-09-03,21.7,16.6,27.4,0.0,,267.5,7.6,31.3,,541.0
611,2016-09-04,19.0,15.3,23.3,2.2,,,,,,132.0
612,2016-09-05,16.4,12.7,18.7,0.5,,,,,,90.0
613,2016-09-06,17.9,11.7,23.8,0.0,,,,,,558.0
614,2016-09-07,18.8,8.4,27.2,0.0,,119.2,5.8,31.3,,750.0
615,2016-09-08,22.4,12.3,31.0,0.0,,167.1,6.1,27.7,,736.0
616,2016-09-09,21.0,15.2,26.8,0.0,,303.8,7.6,30.2,,591.0
617,2016-09-10,21.0,13.0,29.8,0.0,,154.6,5.0,28.8,,620.0
618,2016-09-11,22.1,14.6,29.9,0.0,,265.8,5.4,25.9,,650.0
619,2016-09-12,23.3,13.7,32.5,0.0,,157.5,6.1,27.7,,654.0
620,2016-09-13,23.5,14.9,32.1,0.0,,142.9,6.1,26.6,,700.0
621,2016-09-14,22.4,14.2,30.5,0.0,,132.9,8.6,36.4,,622.0
622,2016-09-15,19.8,12.1,27.6,0.0,,145.4,8.3,37.4,,679.0
623,2016-09-16,17.8,12.2,22.0,24.5,,277.5,6.1,30.6,,92.0
624,2016-09-17,15.7,14.7,16.6,8.6,,300.4,10.8,27.7,,0.0
625,2016-09-18,15.7,12.9,20.3,0.1,,240.8,7.9,27.4,,249.0
626,2016-09-19,14.4,12.2,17.0,0.0,,305.0,7.2,21.2,,0.0
627,2016-09-20,13.2,7.8,18.0,0.0,,195.4,4.7,23.0,,286.0
628,2016-09-21,14.6,9.2,20.7,0.0,,297.5,5.0,19.4,,237.0
629,2016-09-22,14.5,9.1,20.7,0.0,,175.4,3.2,15.5,,359.0
630,2016-09-23,16.3,10.4,22.2,0.0,,252.1,6.8,27.0,,528.0
631,2016-09-24,15.6,9.4,22.0,0.0,,193.8,3.6,16.2,,572.0
632,2016-09-25,15.7,7.6,23.6,0.0,,185.0,5.4,26.6,,559.0
633,2016-09-26,16.0,11.0,19.0,0.0,,285.0,8.3,29.9,,1.0
634,2016-09-27,16.6,13.4,22.8,0.0,,244.6,4.3,18.0,,354.0
635,2016-09-28,17.9,13.5,21.0,0.0,,252.5,13.0,46.1,,164.0
636,2016-09-29,20.5,14.9,25.0,0.0,,243.3,13.7,49.3,,312.0
637,2016-09-30,15.7,10.5,20.6,0.1,,250.8,9.7,31.0,,135.0
638,2016-10-01,12.9,10.4,15.7,3.1,0.0,183.8,5.0,22.7,,0.0
639,2016-10-02,13.1,9.5,17.4,3.4,0.0,212.5,8.3,41.8,,297.0
640,2016-10-03,11.7,10.4,14.2,4.6,0.0,250.4,9.0,29.2,,32.0
641,2016-10-04,12.3,7.5,15.7,0.0,0.0,97.5,9.7,34.9,,391.0
642,2016-10-05,8.1,3.7,11.2,1.0,0.0,271.7,9.0,32.8,,57.0
643,2016-10-06,9.6,7.5,12.2,6.9,0.0,292.9,10.4,33.1,,0.0
644,2016-10-07,10.0,8.4,12.7,0.2,0.0,112.1,5.4,38.9,,55.0
645,2016-10-08,8.1,6.8,10.8,3.6,0.0,299.6,7.6,22.7,,37.0
646,2016-10-09,7.0,4.1,9.1,1.5,0.0,287.5,7.2,23.0,,3.0
647,2016-10-10,8.0,3.9,12.0,0.0,0.0,208.3,3.2,15.1,,115.0
648,2016-10-11,7.0,4.2,8.9,5.2,0.0,260.0,6.1,27.0,,0.0
649,2016-10-12,6.6,5.7,7.8,1.7,0.0,62.9,9.0,29.5,,0.0
650,2016-10-13,6.9,6.1,7.8,0.0,0.0,81.7,12.2,31.0,,0.0
651,2016-10-14,7.3,5.1,10.8,0.0,0.0,101.7,10.8,29.2,,0.0
652,2016-10-15,10.7,5.3,16.9,0.0,0.0,163.8,5.8,24.8,,117.0
653,2016-10-16,12.1,7.5,18.1,0.0,0.0,120.4,4.7,22.7,,566.0
654,2016-10-17,11.5,9.5,14.4,3.2,0.0,103.3,7.9,25.2,,31.0
655,2016-10-18,12.5,9.2,16.6,1.6,0.0,200.8,5.8,29.2,,402.0
656,2016-10-19,8.7,6.2,11.6,1.2,0.0,203.3,9.4,31.0,,111.0
657,2016-10-20,7.2,5.7,9.4,2.3,0.0,230.4,6.1,32.0,,9.0
658,2016-10-21,6.3,5.2,7.2,8.7,0.0,280.4,7.2,21.2,,0.0
659,2016-10-22,5.8,4.8,7.1,0.0,0.0,255.4,4.0,14.4,,0.0
660,2016-10-23,6.0,1.3,9.9,0.0,0.0,144.2,5.0,22.7,,219.0
661,2016-10-24,6.3,4.8,7.3,11.4,0.0,90.8,4.3,16.2,,0.0
662,2016-10-25,8.1,6.9,9.9,0.3,0.0,314.6,4.3,16.9,,0.0
663,2016-10-26,7.8,6.3,9.7,0.0,0.0,196.3,3.6,13.7,,3.0
664,2016-10-27,10.6,6.6,14.7,0.0,0.0,221.3,6.1,25.6,,88.0
665,2016-10-28,12.3,9.9,13.7,0.0,0.0,254.6,10.4,36.4,,0.0
666,2016-10-29,10.3,8.8,12.3,0.0,0.0,295.0,13.3,36.0,,67.0
667,2016-10-30,8.7,5.1,11.4,0.0,0.0,294.8,10.1,33.5,,13.0
668,2016-10-31,10.0,5.1,13.4,0.0,0.0,269.6,3.6,12.6,,23.0
669,2016-11-01,9.4,5.3,14.2,0.6,0.0,265.0,6.8,40.7,,55.0
670,2016-11-02,7.1,3.0,9.6,0.7,0.0,282.5,15.8,55.1,,299.0
671,2016-11-03,5.0,-0.2,9.2,0.0,0.0,259.6,5.4,22.7,,285.0
672,2016-11-04,6.8,5.3,8.0,0.1,0.0,204.2,7.6,25.2,,4.0
673,2016-11-05,6.9,4.2,9.3,3.3,0.0,197.5,6.5,27.4,,0.0
674,2016-11-06,6.1,3.1,9.2,0.8,0.0,230.8,7.9,27.4,,265.0
675,2016-11-07,4.3,2.3,5.9,7.1,0.0,154.6,5.0,20.2,,0.0
676,2016-11-08,2.3,-0.8,4.7,0.0,0.0,225.8,8.3,31.0,,15.0
677,2016-11-09,1.5,-2.6,5.9,1.5,0.0,142.9,6.1,28.8,,185.0
678,2016-11-10,1.7,0.5,3.4,2.6,0.0,176.3,6.5,18.0,,0.0
679,2016-11-11,0.8,-1.9,1.7,0.0,0.0,128.3,6.8,21.2,,33.0
680,2016-11-12,-0.8,-2.9,1.4,0.0,0.0,151.3,4.7,18.7,,56.0
681,2016-11-13,-0.4,-4.6,3.5,0.0,0.0,132.1,8.3,30.2,,435.0
682,2016-11-14,0.7,-4.6,5.6,0.0,0.0,161.3,6.1,42.8,,463.0
683,2016-11-15,5.2,3.0,8.9,0.2,0.0,243.3,14.8,43.9,,0.0
684,2016-11-16,9.6,7.6,11.6,2.1,0.0,243.8,11.2,41.4,,2.0
685,2016-11-17,10.2,7.8,12.3,2.5,0.0,222.1,10.8,38.5,,78.0
686,2016-11-18,9.1,6.4,12.9,5.5,0.0,203.8,16.2,56.2,,68.0
687,2016-11-19,5.9,3.3,7.9,0.5,0.0,169.2,7.6,31.7,,15.0
688,2016-11-20,8.6,2.4,14.4,0.1,0.0,154.2,13.0,54.4,,137.0
689,2016-11-21,10.7,8.3,14.7,0.0,0.0,126.7,9.4,25.6,,85.0
690,2016-11-22,10.2,5.6,15.4,0.0,0.0,208.8,4.3,21.2,,2.0
691,2016-11-23,7.1,3.1,12.2,0.0,0.0,223.3,2.9,11.2,,184.0
692,2016-11-24,5.6,1.7,7.7,0.0,0.0,195.8,4.7,18.0,,0.0
693,2016-11-25,1.5,-0.9,3.7,0.0,0.0,87.9,4.7,18.0,,113.0
694,2016-11-26,-0.2,-2.3,5.0,0.0,0.0,200.4,3.6,15.8,,297.0
695,2016-11-27,4.4,0.1,7.0,0.0,0.0,298.3,13.3,36.7,,229.0
696,2016-11-28,-0.7,-4.0,2.2,0.0,0.0,306.3,7.6,20.5,,396.0
697,2016-11-29,-2.9,-6.3,2.2,0.0,0.0,269.6,4.0,14.8,,444.0
698,2016-11-30,2.1,-6.3,6.0,0.4,0.0,270.0,11.2,43.6,,0.0
699,2016-12-01,7.2,5.0,8.5,0.5,0.0,280.4,22.7,70.2,,0.0
700,2016-12-02,4.0,-1.3,7.9,0.0,0.0,293.3,15.8,57.2,,424.0
701,2016-12-03,-0.9,-4.5,5.1,0.0,0.0,275.8,3.6,9.4,,428.0
702,2016-12-04,-2.5,-6.1,2.9,0.0,0.0,195.8,2.9,15.1,,392.0
703,2016-12-05,-3.1,-7.2,5.3,0.0,0.0,194.6,2.9,10.8,,425.0
704,2016-12-06,-1.7,-7.2,6.6,0.0,0.0,253.8,3.2,14.8,,267.0
705,2016-12-07,3.3,-3.8,9.4,0.0,0.0,175.4,7.2,34.2,,48.0
706,2016-12-08,10.4,7.5,13.5,0.0,0.0,250.8,16.9,47.5,,234.0
707,2016-12-09,9.1,7.3,11.1,0.0,0.0,250.8,12.6,42.1,,62.0
708,2016-12-10,10.0,8.7,11.3,0.2,0.0,252.9,12.2,44.3,,0.0
709,2016-12-11,8.0,6.3,9.3,0.1,0.0,268.3,19.8,73.4,,31.0
710,2016-12-12,5.7,3.7,7.3,1.6,0.0,220.4,12.6,49.7,,0.0
711,2016-12-13,5.7,3.8,7.1,0.1,0.0,206.7,6.1,24.1,,0.0
712,2016-12-14,6.6,5.3,7.6,0.1,0.0,220.4,4.3,19.1,,0.0
713,2016-12-15,2.3,0.5,5.3,0.0,0.0,111.7,13.3,31.7,,0.0
714,2016-12-16,-0.2,-4.2,3.5,0.0,0.0,210.8,5.0,20.2,,393.0
715,2016-12-17,-0.3,-5.1,5.1,0.0,0.0,186.3,2.9,16.2,,258.0
716,2016-12-18,5.3,2.2,6.8,1.8,0.0,288.3,10.4,38.5,,0.0
717,2016-12-19,3.6,-1.0,6.4,0.0,0.0,112.9,7.2,25.6,,97.0
718,2016-12-20,-1.3,-3.1,0.2,0.0,0.0,105.0,8.6,29.2,,0.0
719,2016-12-21,-0.2,-4.6,5.5,0.0,0.0,209.2,5.8,29.2,,402.0
720,2016-12-22,2.2,-0.5,3.7,0.4,0.0,254.6,7.9,29.5,,98.0
721,2016-12-23,3.3,-0.7,6.0,0.0,0.0,240.4,10.1,46.8,,384.0
722,2016-12-24,6.2,4.0,8.1,0.0,0.0,243.8,16.9,46.8,,74.0
723,2016-12-25,9.2,7.4,11.7,0.0,0.0,250.4,13.3,42.5,,0.0
724,2016-12-26,8.3,3.8,12.2,1.9,0.0,261.7,19.8,67.0,,84.0
725,2016-12-27,6.6,5.1,8.0,0.5,0.0,288.8,31.7,74.9,,117.0
726,2016-12-28,5.5,4.1,6.8,0.8,0.0,297.1,17.6,48.6,,0.0
727,2016-12-29,2.1,-2.7,6.5,0.0,0.0,227.5,4.0,21.2,,341.0
728,2016-12-30,-0.5,-4.7,9.1,0.0,0.0,213.8,3.6,23.0,,422.0
729,2016-12-31,-0.8,-5.5,6.7,0.0,0.0,166.3,2.9,23.0,,423.0
730,2017-01-01,2.6,-0.3,7.0,0.0,0.0,239.6,8.6,27.4,,422.0
731,2017-01-02,1.2,-0.3,2.5,0.4,0.0,276.7,10.8,33.1,,16.0
732,2017-01-03,3.1,1.6,4.3,1.2,0.0,254.6,16.9,49.0,,5.0
733,2017-01-04,2.9,-0.4,5.9,7.9,0.0,284.6,26.3,68.4,,27.0
734,2017-01-05,-2.9,-8.5,-0.3,0.0,0.0,306.3,11.2,38.9,,0.0
735,2017-01-06,-7.5,-10.5,-3.9,0.0,0.0,235.4,5.4,20.5,,408.0
736,2017-01-07,-3.3,-6.7,0.9,0.8,0.0,234.2,9.7,32.4,,0.0
737,2017-01-08,0.7,0.3,1.2,0.9,10.0,303.3,9.0,32.0,,0.0
738,2017-01-09,0.4,-0.2,1.7,0.0,0.0,221.7,5.0,24.8,,0.0
739,2017-01-10,1.4,0.0,3.8,0.0,0.0,188.8,9.4,31.7,,372.0
740,2017-01-11,2.3,0.0,4.9,0.9,0.0,229.2,14.8,56.5,,50.0
741,2017-01-12,4.0,1.4,4.9,2.5,0.0,241.7,15.1,49.7,,9.0
742,2017-01-13,1.6,0.1,3.5,2.8,0.0,230.4,18.0,58.7,,2.0
743,2017-01-14,1.3,-0.2,3.0,1.3,0.0,274.6,18.7,60.8,,170.0
744,2017-01-15,-0.1,-1.4,1.1,1.3,10.0,292.9,14.8,40.7,,7.0
745,2017-01-16,-2.4,-4.6,-1.4,0.0,30.0,307.1,9.0,21.6,,14.0
746,2017-01-17,-2.7,-5.6,-1.5,0.0,30.0,284.2,5.4,15.8,,0.0
747,2017-01-18,-5.6,-9.1,-2.7,0.0,20.0,148.8,4.0,12.2,,71.0
748,2017-01-19,-4.0,-8.2,-0.3,0.0,20.0,160.0,2.5,13.3,,265.0
749,2017-01-20,-0.9,-5.7,3.9,0.0,20.0,189.6,2.2,9.0,,249.0
750,2017-01-21,-2.7,-6.8,1.9,0.0,10.0,177.9,5.4,22.7,,468.0
751,2017-01-22,-5.7,-7.9,-3.0,0.0,10.0,151.3,3.6,13.3,,0.0
752,2017-01-23,-4.6,-6.9,-1.9,0.0,10.0,283.8,6.8,20.9,,0.0
753,2017-01-24,-1.1,-1.9,-0.2,0.0,10.0,275.4,4.0,16.2,,0.0
754,2017-01-25,-0.8,-1.6,0.0,0.0,10.0,155.8,4.7,18.0,,0.0
755,2017-01-26,-1.4,-4.3,1.3,0.0,0.0,104.6,10.1,27.7,,450.0
756,2017-01-27,-2.4,-7.6,4.1,0.0,0.0,104.6,4.7,17.3,,478.0
757,2017-01-28,-2.7,-7.7,5.5,0.0,0.0,127.9,5.0,38.5,,463.0
758,2017-01-29,3.5,-0.6,7.0,0.0,0.0,185.4,8.3,37.8,,101.0
759,2017-01-30,3.3,-0.4,5.4,2.2,0.0,158.8,9.0,31.7,,6.0
760,2017-01-31,0.9,-0.1,3.9,0.0,0.0,305.8,8.6,28.4,,0.0
761,2017-02-01,0.9,-1.5,3.3,0.1,0.0,139.2,8.6,28.1,,27.0
762,2017-02-02,3.5,-0.8,9.0,0.1,0.0,172.1,4.7,20.5,,144.0
763,2017-02-03,5.3,-0.5,9.8,2.3,0.0,189.6,5.4,35.6,,5.0
764,2017-02-04,5.3,1.3,9.9,0.2,0.0,144.2,6.8,22.3,,380.0
765,2017-02-05,1.8,-0.3,4.0,0.4,0.0,123.8,3.6,14.8,,0.0
766,2017-02-06,0.1,-2.6,2.3,0.1,0.0,87.9,5.8,20.9,,0.0
767,2017-02-07,-1.7,-2.6,-1.1,0.0,0.0,91.7,9.4,27.0,,0.0
768,2017-02-08,-3.1,-4.4,-1.7,0.0,0.0,99.2,11.5,32.4,,0.0
769,2017-02-09,-3.5,-4.7,-2.2,0.0,0.0,99.6,10.8,26.6,,11.0
770,2017-02-10,-3.1,-5.3,-0.8,1.0,0.0,95.0,10.1,31.3,,0.0
771,2017-02-11,-1.3,-2.1,-0.8,0.1,10.0,91.3,8.3,22.3,,0.0
772,2017-02-12,-1.6,-4.1,-0.3,0.0,10.0,103.8,8.3,20.5,,0.0
773,2017-02-13,-3.0,-7.3,2.1,0.0,10.0,113.8,5.8,18.0,,508.0
774,2017-02-14,-2.1,-7.5,3.7,0.0,0.0,110.8,6.1,27.0,,544.0
775,2017-02-15,1.6,-4.9,11.3,0.0,0.0,152.9,3.2,11.2,,559.0
776,2017-02-16,6.1,-0.9,13.5,0.7,0.0,222.9,5.0,27.0,,241.0
777,2017-02-17,5.8,3.6,8.2,0.2,0.0,269.6,11.2,41.0,,106.0
778,2017-02-18,4.0,-1.0,5.8,0.0,0.0,280.8,9.0,27.4,,15.0
779,2017-02-19,4.1,-1.3,8.2,0.9,0.0,246.7,9.4,29.9,,120.0
780,2017-02-20,7.9,5.4,10.7,1.4,0.0,245.8,15.5,46.8,,3.0
781,2017-02-21,8.5,5.0,10.4,0.0,0.0,265.4,14.4,64.4,,132.0
782,2017-02-22,9.4,4.9,12.1,8.3,0.0,253.8,18.4,64.8,,16.0
783,2017-02-23,7.8,5.4,10.2,2.0,0.0,222.1,14.0,58.7,,4.0
784,2017-02-24,3.9,1.5,6.3,0.1,0.0,278.3,22.7,73.8,,216.0
785,2017-02-25,4.3,-1.0,7.8,0.0,0.0,235.4,10.4,47.5,,183.0
786,2017-02-26,8.4,5.3,12.0,0.0,0.0,240.0,11.2,42.1,,200.0
787,2017-02-27,10.3,5.7,13.5,0.2,0.0,181.3,10.4,45.0,,237.0
788,2017-02-28,6.7,2.5,9.9,1.0,0.0,210.0,16.6,69.5,,359.0
789,2017-03-01,5.0,2.3,9.4,1.8,0.0,225.8,11.2,51.8,,324.0
790,2017-03-02,6.2,3.7,7.7,0.9,0.0,236.3,16.9,61.6,,201.0
791,2017-03-03,7.4,3.3,10.4,0.0,0.0,190.8,10.4,32.0,,185.0
792,2017-03-04,10.4,3.3,17.8,0.0,0.0,125.4,7.9,35.6,,310.0
793,2017-03-05,8.9,4.7,11.7,0.2,0.0,207.9,12.2,42.5,,230.0
794,2017-03-06,5.7,4.4,8.1,7.9,0.0,219.2,5.4,20.5,,23.0
795,2017-03-07,2.8,1.5,4.6,0.8,0.0,289.6,6.8,25.9,,0.0
796,2017-03-08,5.2,1.3,8.3,2.2,0.0,187.1,10.1,38.2,,69.0
797,2017-03-09,7.6,3.1,12.1,4.3,0.0,252.9,12.6,65.9,,243.0
798,2017-03-10,6.2,2.3,9.8,0.0,0.0,298.3,20.9,61.6,,371.0
799,2017-03-11,4.5,-0.3,9.5,0.0,0.0,116.7,4.7,23.4,,205.0
800,2017-03-12,2.9,-2.3,7.8,0.0,0.0,106.7,9.7,32.8,,442.0
801,2017-03-13,4.4,-2.6,11.4,0.0,0.0,160.0,4.3,22.0,,385.0
802,2017-03-14,9.0,3.5,13.4,0.0,0.0,280.4,9.4,33.5,,234.0
803,2017-03-15,9.6,5.6,12.6,0.0,0.0,294.6,14.4,41.8,,417.0
804,2017-03-16,7.9,0.6,14.7,0.0,0.0,220.4,4.7,25.9,,665.0
805,2017-03-17,9.2,4.7,12.6,0.9,0.0,277.1,15.5,43.6,,36.0
806,2017-03-18,7.3,3.7,12.6,0.2,0.0,270.8,21.6,79.9,,200.0
807,2017-03-19,8.2,2.8,13.0,4.7,0.0,219.2,11.9,45.4,,11.0
808,2017-03-20,11.5,9.7,13.4,0.0,0.0,242.1,15.1,41.4,,28.0
809,2017-03-21,9.0,4.5,12.0,1.8,0.0,258.3,10.1,51.1,,30.0
810,2017-03-22,6.0,-0.3,10.3,0.4,0.0,137.1,8.3,29.2,,298.0
811,2017-03-23,6.0,4.0,8.7,0.3,0.0,77.1,6.8,23.0,,7.0
812,2017-03-24,5.9,-0.4,11.9,0.0,0.0,172.1,5.8,25.9,,653.0
813,2017-03-25,6.5,-1.1,13.4,0.0,0.0,306.7,6.1,30.6,,652.0
814,2017-03-26,6.6,-0.3,13.2,0.0,0.0,,6.8,31.0,,659.0
815,2017-03-27,9.0,-0.4,18.4,0.0,0.0,149.2,5.4,24.8,,733.0
816,2017-03-28,13.5,3.2,21.6,0.0,0.0,247.1,7.2,27.0,,727.0
817,2017-03-29,13.3,10.2,15.8,0.0,0.0,265.8,13.0,46.1,,116.0
818,2017-03-30,15.0,9.7,20.7,0.0,0.0,232.1,6.8,25.2,,209.0
819,2017-03-31,16.2,6.4,23.9,0.0,0.0,205.8,8.3,42.8,,644.0
820,2017-04-01,15.1,7.5,21.2,0.0,0.0,169.6,5.0,36.0,,506.0
821,2017-04-02,11.6,5.6,15.8,0.0,0.0,301.7,9.4,29.2,,119.0
822,2017-04-03,7.3,4.5,9.2,0.1,0.0,267.1,6.1,22.0,,0.0
823,2017-04-04,8.6,3.1,12.6,0.0,0.0,146.3,4.7,20.2,,32.0
824,2017-04-05,9.0,5.0,13.4,0.7,0.0,292.5,13.0,44.6,,211.0
825,2017-04-06,8.1,4.2,11.4,0.0,0.0,298.8,20.9,47.9,,462.0
826,2017-04-07,9.9,6.6,12.6,0.0,0.0,295.0,23.4,56.5,,2.0
827,2017-04-08,10.4,5.4,13.5,0.0,0.0,301.7,8.6,25.6,,12.0
828,2017-04-09,12.7,4.9,20.2,0.0,0.0,160.8,5.0,21.2,,655.0
829,2017-04-10,11.7,6.2,20.6,0.0,0.0,272.9,15.5,50.8,,422.0
830,2017-04-11,8.2,4.1,10.9,0.2,0.0,287.5,17.3,50.4,,202.0
831,2017-04-12,10.6,7.8,14.9,3.2,0.0,252.9,15.1,46.8,,101.0
832,2017-04-13,8.3,5.3,11.3,0.5,0.0,280.8,13.3,49.7,,121.0
833,2017-04-14,8.5,3.9,12.7,0.0,0.0,275.4,8.3,28.4,,341.0
834,2017-04-15,8.8,5.2,12.5,0.2,0.0,262.9,14.0,48.6,,41.0
835,2017-04-16,6.9,4.3,11.5,1.3,0.0,286.3,15.1,48.6,,329.0
836,2017-04-17,5.7,2.4,10.3,0.8,0.0,294.2,8.6,52.6,,258.0
837,2017-04-18,3.0,1.1,7.5,3.2,0.0,270.4,8.6,30.6,,31.0
838,2017-04-19,2.5,-1.5,6.8,0.0,0.0,231.7,7.9,34.6,,309.0
839,2017-04-20,3.8,-4.0,9.5,0.0,0.0,259.6,5.4,20.2,,769.0
840,2017-04-21,10.2,4.9,14.1,0.4,0.0,262.5,13.3,47.2,,217.0
841,2017-04-22,7.0,4.5,10.6,0.5,0.0,293.3,19.4,47.2,,219.0
842,2017-04-23,5.9,1.3,9.0,0.2,0.0,292.9,18.4,50.4,,234.0
843,2017-04-24,8.7,-0.2,15.0,0.2,0.0,248.8,9.7,40.0,,660.0
844,2017-04-25,6.9,2.1,11.4,0.6,0.0,255.0,10.8,46.8,,108.0
845,2017-04-26,5.7,0.7,10.5,0.0,0.0,247.1,6.1,24.8,,352.0
846,2017-04-27,5.7,-0.4,11.5,0.4,0.0,218.3,5.0,27.0,,386.0
847,2017-04-28,6.8,-1.0,12.0,0.0,0.0,255.0,5.0,25.6,,355.0
848,2017-04-29,7.2,0.1,11.4,0.0,0.0,284.6,9.0,37.1,,300.0
849,2017-04-30,8.1,-1.9,15.1,0.0,0.0,154.6,14.0,50.4,,850.0
850,2017-05-01,10.8,3.7,16.5,1.2,,100.4,12.2,38.9,,358.0
851,2017-05-02,8.3,6.8,10.8,12.5,,51.7,8.3,36.7,,0.0
852,2017-05-03,10.8,5.3,14.6,1.3,,81.7,7.6,31.0,,376.0
853,2017-05-04,7.8,7.1,9.9,2.3,,253.3,6.1,22.7,,0.0
854,2017-05-05,8.3,6.9,9.7,0.1,,302.5,5.8,17.6,,0.0
855,2017-05-06,11.0,8.4,15.2,0.1,,132.9,4.0,15.8,,40.0
856,2017-05-07,13.4,8.4,18.1,0.0,,290.4,5.4,25.2,,148.0
857,2017-05-08,8.1,5.5,12.2,0.2,,294.2,14.4,42.1,,3.0
858,2017-05-09,7.2,3.8,11.4,0.0,,273.3,7.9,28.1,,308.0
859,2017-05-10,9.5,3.7,15.4,0.0,,287.9,6.8,23.4,,657.0
860,2017-05-11,12.9,1.4,21.5,0.3,,149.2,10.1,36.7,,734.0
861,2017-05-12,15.5,11.4,21.3,0.1,,133.8,7.2,31.0,,379.0
862,2017-05-13,15.8,10.7,22.0,4.0,,194.2,5.0,33.1,,442.0
863,2017-05-14,15.1,11.3,20.3,6.9,,231.7,5.0,20.5,,283.0
864,2017-05-15,15.0,9.5,20.1,0.0,,302.9,7.9,32.4,,522.0
865,2017-05-16,16.8,9.6,21.7,0.0,,152.9,5.0,19.8,,82.0
866,2017-05-17,20.6,14.5,26.0,0.0,,108.3,9.4,33.8,,693.0
867,2017-05-18,21.5,15.6,28.9,6.2,,190.0,7.2,48.2,,619.0
868,2017-05-19,16.9,11.4,22.7,27.9,,275.0,12.2,52.6,,191.0
869,2017-05-20,14.3,9.6,19.0,0.0,,285.4,7.6,25.6,,416.0
870,2017-05-21,14.7,8.2,20.2,0.0,,235.8,5.0,22.7,,765.0
871,2017-05-22,15.2,8.0,21.5,0.0,,158.3,6.5,27.7,,668.0
872,2017-05-23,17.7,9.1,24.8,0.0,,223.8,8.3,52.6,,382.0
873,2017-05-24,13.5,9.8,17.5,0.3,,297.9,16.2,43.9,,430.0
874,2017-05-25,15.0,12.2,19.5,0.0,,299.2,12.2,38.9,,497.0
875,2017-05-26,17.9,12.4,23.8,0.0,,298.8,8.6,24.5,,691.0
876,2017-05-27,19.4,10.7,25.6,0.0,,164.2,9.4,35.3,,935.0
877,2017-05-28,22.1,12.2,30.2,0.0,,265.0,5.8,33.1,,654.0
878,2017-05-29,22.9,16.0,29.3,0.0,,175.8,4.7,19.8,,578.0
879,2017-05-30,21.6,16.2,26.5,7.9,,230.4,6.8,46.1,,335.0
880,2017-05-31,17.8,11.6,22.4,0.0,,287.9,12.2,38.5,,727.0
881,2017-06-01,15.6,8.4,22.4,0.0,,296.7,6.8,25.6,,946.0
882,2017-06-02,18.6,8.6,25.3,0.0,,106.7,4.3,21.2,,904.0
883,2017-06-03,17.7,13.7,22.1,10.3,,110.0,7.2,24.5,,57.0
884,2017-06-04,16.7,13.5,20.4,4.3,,293.3,13.7,52.2,,351.0
885,2017-06-05,16.0,12.1,20.0,0.1,,149.6,5.8,23.0,,265.0
886,2017-06-06,16.0,9.3,22.9,0.6,,165.8,8.6,56.5,,483.0
887,2017-06-07,13.5,10.4,17.9,0.4,,239.2,15.5,53.6,,503.0
888,2017-06-08,17.0,12.6,22.2,0.0,,,9.4,33.1,,150.0
889,2017-06-09,18.5,11.9,26.3,0.2,,180.4,9.0,47.5,,395.0
890,2017-06-10,17.7,10.3,22.7,0.0,,241.3,5.0,20.9,,494.0
891,2017-06-11,21.6,12.1,28.2,0.3,,165.8,6.1,27.7,,680.0
892,2017-06-12,19.0,13.7,21.5,0.0,,277.1,15.1,46.8,,327.0
893,2017-06-13,16.3,12.9,20.5,0.0,,281.7,12.6,41.8,,275.0
894,2017-06-14,17.5,10.3,23.9,0.0,,236.3,6.5,24.8,,879.0
895,2017-06-15,20.1,10.0,27.7,4.9,,171.3,7.6,37.1,,679.0
896,2017-06-16,16.5,12.6,19.6,1.4,,281.3,15.1,55.4,,245.0
897,2017-06-17,15.9,12.1,21.2,0.0,,296.3,16.2,40.0,,476.0
898,2017-06-18,19.2,12.7,25.7,0.0,,277.5,5.0,22.0,,574.0
899,2017-06-19,23.1,13.1,30.4,0.0,,186.7,6.1,30.6,,943.0
900,2017-06-20,22.9,14.9,29.4,0.0,,299.6,7.2,34.2,,654.0
901,2017-06-21,18.8,12.2,25.3,0.0,,312.1,6.1,26.3,,925.0
902,2017-06-22,21.5,13.8,33.9,35.3,,175.0,9.4,47.9,,545.0
903,2017-06-23,20.5,17.1,24.8,0.0,,271.3,13.0,43.6,,343.0
904,2017-06-24,19.8,15.1,24.3,0.0,,253.8,10.4,35.6,,405.0
905,2017-06-25,19.3,16.5,23.6,1.2,,263.3,11.5,42.8,,164.0
906,2017-06-26,16.7,10.7,21.8,0.3,,270.8,7.2,42.8,,203.0
907,2017-06-27,16.1,9.3,22.1,0.0,,151.7,6.8,24.8,,291.0
908,2017-06-28,18.5,13.1,23.7,3.3,,127.1,7.6,37.4,,514.0
909,2017-06-29,17.2,13.8,21.3,10.1,,291.3,8.6,45.7,,85.0
910,2017-06-30,17.0,13.5,20.0,0.7,,253.8,11.9,47.2,,17.0
911,2017-07-01,16.0,13.3,18.6,1.0,,265.8,10.1,37.8,,11.0
912,2017-07-02,16.1,12.5,19.4,0.9,,285.0,12.6,42.5,,222.0
913,2017-07-03,17.8,10.5,24.1,0.0,,269.6,6.8,42.8,,577.0
914,2017-07-04,17.5,13.3,21.7,0.0,,301.3,12.2,39.2,,763.0
915,2017-07-05,17.9,13.5,23.2,0.0,,139.6,5.0,21.6,,307.0
916,2017-07-06,21.1,14.3,27.8,0.0,,151.7,5.0,25.9,,542.0
917,2017-07-07,23.7,18.5,29.0,0.0,,270.0,8.3,34.9,,442.0
918,2017-07-08,21.5,17.2,27.0,3.2,,298.3,9.4,30.2,,465.0
919,2017-07-09,19.0,14.2,25.0,0.4,,134.2,5.4,18.7,,319.0
920,2017-07-10,18.8,15.3,24.1,5.1,,229.2,6.1,29.5,,83.0
921,2017-07-11,19.9,14.8,25.6,0.0,,259.2,8.3,37.1,,432.0
922,2017-07-12,16.0,11.5,19.0,17.6,,219.6,10.4,49.7,,2.0
923,2017-07-13,14.5,10.6,19.5,0.0,,295.0,11.9,38.5,,467.0
924,2017-07-14,16.0,10.3,21.1,6.2,,192.5,4.3,29.2,,212.0
925,2017-07-15,15.6,12.2,20.2,1.1,,296.3,9.0,31.7,,183.0
926,2017-07-16,18.2,11.5,21.8,4.9,,237.1,7.9,29.5,,98.0
927,2017-07-17,17.6,11.7,22.9,0.6,,303.8,6.1,29.2,,338.0
928,2017-07-18,18.6,9.8,25.7,0.0,,140.4,5.0,22.7,,892.0
929,2017-07-19,22.1,12.5,31.1,11.4,,172.9,8.3,62.3,,754.0
930,2017-07-20,21.4,15.9,25.1,0.3,,239.2,6.5,29.2,,396.0
931,2017-07-21,21.0,15.5,26.5,0.0,,203.3,6.8,25.9,,625.0
932,2017-07-22,19.9,16.1,25.7,20.2,,204.6,4.0,16.2,,170.0
933,2017-07-23,19.2,15.3,23.8,0.0,,229.2,10.4,42.1,,397.0
934,2017-07-24,15.8,11.3,20.9,28.4,,184.6,4.7,28.4,,69.0
935,2017-07-25,14.3,13.2,15.3,32.3,,268.8,8.3,32.0,,0.0
936,2017-07-26,15.9,13.0,20.6,9.3,,300.8,15.5,41.4,,79.0
937,2017-07-27,18.3,13.2,23.8,1.5,,257.5,7.2,28.8,,116.0
938,2017-07-28,18.2,12.1,22.7,0.1,,261.3,9.7,38.5,,555.0
939,2017-07-29,21.4,16.6,26.2,0.0,,213.8,10.1,40.0,,422.0
940,2017-07-30,24.5,18.2,30.4,0.0,,193.3,12.6,47.9,,530.0
941,2017-07-31,22.7,17.3,28.3,13.9,,223.8,7.6,30.2,,500.0
942,2017-08-01,21.5,17.5,28.3,0.0,,222.9,9.0,42.5,,189.0
943,2017-08-02,21.6,16.3,27.2,1.2,,233.3,5.8,32.0,,336.0
944,2017-08-03,22.2,17.7,28.5,0.0,,195.8,9.4,54.7,,340.0
945,2017-08-04,20.8,17.2,24.9,0.0,,249.2,10.8,45.0,,527.0
946,2017-08-05,17.5,13.7,20.5,1.1,,252.1,6.1,27.0,,123.0
947,2017-08-06,16.7,11.2,22.0,0.0,,278.3,8.3,32.8,,778.0
948,2017-08-07,18.1,9.1,25.0,0.0,,152.1,6.1,26.3,,667.0
949,2017-08-08,20.0,10.8,26.9,0.0,,166.7,8.6,34.9,,508.0
950,2017-08-09,20.6,15.8,25.1,2.0,,249.6,9.4,32.4,,742.0
951,2017-08-10,17.1,14.8,19.8,25.4,,282.9,7.2,24.8,,0.0
952,2017-08-11,14.5,12.6,15.6,10.2,,300.0,12.2,32.0,,0.0
953,2017-08-12,14.8,12.0,18.0,0.4,,251.7,11.9,40.3,,67.0
954,2017-08-13,17.3,11.9,21.8,0.0,,277.5,6.5,23.4,,198.0
955,2017-08-14,17.8,9.7,24.2,0.0,,181.7,7.2,30.2,,728.0
956,2017-08-15,22.4,15.9,28.4,3.5,,145.0,7.6,29.5,,452.0
957,2017-08-16,19.8,15.0,23.9,0.0,,245.4,7.2,29.2,,316.0
958,2017-08-17,20.3,13.8,26.3,0.6,,183.3,5.8,27.0,,245.0
959,2017-08-18,19.6,15.3,24.4,9.7,,223.3,6.5,38.2,,115.0
960,2017-08-19,16.7,13.4,20.4,0.1,,245.8,11.2,38.9,,662.0
961,2017-08-20,15.3,12.4,19.7,0.3,,256.7,11.2,47.9,,401.0
962,2017-08-21,15.4,10.7,20.2,0.0,,275.4,9.7,33.1,,461.0
963,2017-08-22,14.0,8.7,20.0,0.0,,303.3,6.1,31.0,,345.0
964,2017-08-23,15.6,6.7,22.6,0.0,,167.5,5.0,23.4,,759.0
965,2017-08-24,17.8,11.7,23.9,0.0,,220.0,6.1,27.7,,198.0
966,2017-08-25,18.2,13.1,23.5,0.0,,292.1,5.8,22.3,,552.0
967,2017-08-26,19.2,13.7,25.3,0.0,,206.3,4.3,18.7,,170.0
968,2017-08-27,18.3,11.6,22.4,0.0,,296.7,10.1,38.2,,688.0
969,2017-08-28,16.7,9.4,23.6,0.0,,202.9,3.2,16.9,,753.0
970,2017-08-29,20.2,10.5,28.5,0.0,,197.5,4.7,25.6,,789.0
971,2017-08-30,23.9,14.5,30.6,0.0,,164.2,7.9,38.5,,600.0
972,2017-08-31,19.3,13.4,24.4,5.4,,258.8,13.0,43.6,,109.0
973,2017-09-01,14.0,9.1,17.8,0.0,,251.3,4.0,16.6,,84.0
974,2017-09-02,12.6,7.1,18.2,4.6,,284.6,5.4,25.9,,316.0
975,2017-09-03,12.8,7.1,18.7,1.2,,239.2,4.7,21.6,,561.0
976,2017-09-04,14.6,7.2,21.3,0.0,,267.9,5.0,24.1,,603.0
977,2017-09-05,16.5,7.5,23.5,0.0,,227.1,5.0,23.0,,536.0
978,2017-09-06,17.1,13.0,21.5,4.1,,247.9,11.5,54.0,,135.0
979,2017-09-07,14.7,11.9,19.1,0.4,,260.4,11.5,42.5,,192.0
980,2017-09-08,15.4,13.0,17.5,0.0,,202.9,11.5,44.3,,0.0
981,2017-09-09,16.1,12.5,19.2,2.4,,184.6,10.8,42.1,,169.0
982,2017-09-10,15.0,10.3,19.9,0.0,,241.7,8.3,35.6,,568.0
983,2017-09-11,14.5,12.0,17.2,0.1,,183.3,11.2,46.1,,198.0
984,2017-09-12,13.9,10.1,18.0,1.3,,226.3,11.5,39.6,,289.0
985,2017-09-13,14.4,10.9,19.4,0.5,,217.1,17.6,54.4,,346.0
986,2017-09-14,13.0,10.5,15.5,0.2,,238.8,13.7,43.6,,142.0
987,2017-09-15,13.2,8.7,16.7,0.0,,242.9,10.8,42.5,,342.0
988,2017-09-16,11.7,5.8,18.0,0.0,,221.7,5.8,25.2,,606.0
989,2017-09-17,9.8,5.5,16.9,6.4,,213.8,4.0,21.6,,97.0
990,2017-09-18,9.8,4.0,16.5,4.5,,221.7,4.7,37.1,,411.0
991,2017-09-19,11.1,6.5,15.8,0.0,,242.9,5.0,23.4,,148.0
992,2017-09-20,12.1,8.9,16.5,0.2,,270.8,7.6,33.8,,186.0
993,2017-09-21,13.3,8.4,18.4,0.0,,262.5,3.2,17.3,,388.0
994,2017-09-22,13.1,9.4,18.2,0.0,,245.8,2.5,11.9,,86.0
995,2017-09-23,13.5,8.9,19.2,0.1,,234.2,3.6,18.7,,187.0
996,2017-09-24,12.8,11.6,14.2,1.3,,250.0,5.4,21.6,,0.0
997,2017-09-25,13.3,11.8,16.6,11.2,,170.0,4.7,18.7,,34.0
998,2017-09-26,14.3,12.5,17.0,0.7,,87.9,7.6,24.5,,89.0
999,2017-09-27,14.3,12.2,17.7,0.0,,118.8,6.1,18.0,,91.0
1000,2017-09-28,15.4,12.8,19.0,0.0,,109.2,4.7,20.5,,0.0
1001,2017-09-29,16.9,12.8,23.9,0.0,,140.0,4.7,20.5,,399.0
1002,2017-09-30,15.8,12.2,19.7,1.0,,157.5,7.2,40.3,,17.0
1003,2017-10-01,12.9,9.6,17.2,0.1,0.0,227.5,7.9,29.9,,354.0
1004,2017-10-02,13.5,9.8,15.7,8.4,0.0,188.8,10.1,45.0,,21.0
1005,2017-10-03,12.5,10.3,16.4,1.0,0.0,261.7,10.8,50.0,,305.0
1006,2017-10-04,12.1,10.0,13.4,1.9,0.0,249.6,13.3,39.2,,34.0
1007,2017-10-05,11.8,9.8,16.9,1.2,0.0,265.4,21.2,88.6,,106.0
1008,2017-10-06,11.3,9.9,13.7,0.2,0.0,282.1,19.4,54.0,,166.0
1009,2017-10-07,10.7,8.7,12.2,2.0,0.0,260.8,15.1,50.0,,2.0
1010,2017-10-08,10.4,6.3,13.9,2.1,0.0,280.0,11.5,37.4,,232.0
1011,2017-10-09,9.9,5.7,13.0,0.1,0.0,272.1,7.6,27.0,,71.0
1012,2017-10-10,13.0,10.7,15.6,1.5,0.0,254.6,9.0,30.6,,30.0
1013,2017-10-11,14.3,10.4,16.0,0.0,0.0,246.7,10.4,42.8,,66.0
1014,2017-10-12,14.1,11.6,16.6,0.6,0.0,246.3,13.7,51.1,,316.0
1015,2017-10-13,14.1,9.8,18.4,0.0,0.0,257.9,7.9,30.6,,349.0
1016,2017-10-14,17.8,14.2,22.0,0.0,0.0,243.8,9.0,27.0,,604.0
1017,2017-10-15,17.6,10.0,23.9,0.0,0.0,197.1,6.5,36.7,,598.0
1018,2017-10-16,19.1,12.0,25.0,0.0,0.0,243.3,7.2,36.7,,558.0
1019,2017-10-17,17.1,10.5,22.7,0.0,0.0,202.1,5.0,19.4,,560.0
1020,2017-10-18,11.8,7.1,18.2,0.0,0.0,183.8,3.2,14.4,,488.0
1021,2017-10-19,13.4,5.6,22.2,0.0,0.0,140.8,5.0,23.8,,552.0
1022,2017-10-20,14.8,12.2,19.0,0.0,0.0,235.0,6.5,37.1,,34.0
1023,2017-10-21,12.9,10.2,16.2,1.6,0.0,179.6,6.5,23.8,,40.0
1024,2017-10-22,10.9,8.2,13.0,1.1,0.0,231.7,11.2,46.4,,151.0
1025,2017-10-23,10.7,8.4,12.9,1.2,0.0,251.7,10.1,33.1,,90.0
1026,2017-10-24,12.7,9.7,15.1,0.0,0.0,237.1,9.7,35.3,,21.0
1027,2017-10-25,15.7,12.5,18.4,0.0,0.0,252.9,11.5,37.8,,113.0
1028,2017-10-26,13.4,10.1,16.4,0.0,0.0,250.8,7.9,34.2,,83.0
1029,2017-10-27,10.7,9.3,12.2,2.3,0.0,295.4,19.1,52.9,,92.0
1030,2017-10-28,10.6,8.8,13.6,1.1,0.0,273.8,19.4,49.3,,0.0
1031,2017-10-29,9.2,6.5,13.9,1.6,0.0,289.6,31.7,100.1,,212.0
1032,2017-10-30,6.7,4.8,9.3,0.3,0.0,296.7,18.7,45.7,,405.0
1033,2017-10-31,7.9,5.5,9.5,0.1,0.0,268.8,10.4,37.4,,30.0
1034,2017-11-01,11.1,8.2,13.7,0.1,0.0,249.6,11.9,35.3,,60.0
1035,2017-11-02,11.0,7.6,13.2,0.2,0.0,267.5,11.9,40.7,,84.0
1036,2017-11-03,8.3,3.5,14.2,0.0,0.0,212.9,4.0,21.2,,429.0
1037,2017-11-04,8.9,2.0,13.7,0.0,0.0,201.3,7.6,33.5,,105.0
1038,2017-11-05,9.5,5.6,13.4,4.8,0.0,237.1,10.1,44.6,,0.0
1039,2017-11-06,5.3,0.4,9.6,0.0,0.0,292.5,7.2,24.8,,426.0
1040,2017-11-07,4.6,0.4,6.9,0.0,0.0,105.0,4.3,16.9,,0.0
1041,2017-11-08,6.9,6.6,7.2,0.0,0.0,130.4,5.8,20.2,,0.0
1042,2017-11-09,7.3,6.1,8.8,0.0,0.0,217.5,5.4,36.0,,14.0
1043,2017-11-10,7.2,5.0,8.5,3.0,0.0,247.1,16.9,56.5,,0.0
1044,2017-11-11,5.3,3.9,7.4,1.5,0.0,252.9,11.9,37.4,,74.0
1045,2017-11-12,3.8,0.3,6.8,4.0,0.0,243.3,6.8,23.0,,25.0
1046,2017-11-13,3.6,1.2,5.5,0.0,0.0,289.2,9.0,29.9,,99.0
1047,2017-11-14,5.6,0.6,7.9,0.0,0.0,261.3,10.4,32.8,,201.0
1048,2017-11-15,8.4,7.0,11.5,0.0,0.0,242.5,6.5,22.0,,1.0
1049,2017-11-16,6.1,2.6,9.8,0.0,0.0,210.8,4.7,18.0,,147.0
1050,2017-11-17,6.0,1.2,9.4,0.0,0.0,285.8,7.2,27.0,,358.0
1051,2017-11-18,4.1,2.6,6.4,1.0,0.0,238.8,13.3,46.4,,79.0
1052,2017-11-19,4.8,3.0,7.5,9.3,0.0,268.8,19.1,59.4,,137.0
1053,2017-11-20,4.5,3.3,5.6,3.7,0.0,256.7,11.5,47.5,,0.0
1054,2017-11-21,8.8,4.5,10.9,4.3,0.0,254.2,9.4,29.5,,0.0
1055,2017-11-22,9.4,5.0,11.0,0.0,0.0,237.9,11.9,41.8,,34.0
1056,2017-11-23,12.3,8.4,14.9,1.4,0.0,212.5,11.9,46.1,,281.0
1057,2017-11-24,8.7,4.2,14.1,7.3,0.0,234.2,7.6,40.7,,75.0
1058,2017-11-25,3.9,1.8,6.0,14.0,0.0,251.7,6.8,25.2,,0.0
1059,2017-11-26,3.5,1.3,5.6,0.0,0.0,239.2,10.8,35.6,,278.0
1060,2017-11-27,4.1,2.7,6.2,0.3,0.0,227.9,14.8,54.0,,49.0
1061,2017-11-28,5.2,0.7,7.6,0.0,0.0,236.7,10.1,34.9,,89.0
1062,2017-11-29,2.3,-1.2,5.1,0.0,0.0,213.3,4.3,19.4,,188.0
1063,2017-11-30,0.9,-2.2,4.4,0.0,0.0,232.1,4.7,19.8,,292.0
1064,2017-12-01,0.0,-3.5,3.0,0.0,0.0,288.3,3.6,16.9,,5.0
1065,2017-12-02,0.9,-2.9,2.7,0.0,0.0,281.7,4.0,14.0,,1.0
1066,2017-12-03,0.7,-2.9,3.0,3.2,0.0,234.6,9.0,33.1,,0.0
1067,2017-12-04,4.5,3.0,6.3,1.6,0.0,287.5,15.8,41.4,,0.0
1068,2017-12-05,7.0,5.8,7.9,0.0,0.0,275.0,16.6,42.8,,0.0
1069,2017-12-06,6.6,4.4,7.6,0.0,0.0,269.6,12.2,41.4,,10.0
1070,2017-12-07,5.5,3.7,7.1,0.1,0.0,237.9,15.1,49.0,,412.0
1071,2017-12-08,3.6,0.0,6.5,0.7,0.0,253.3,13.0,41.4,,264.0
1072,2017-12-09,1.6,0.6,3.0,0.0,0.0,252.5,15.5,41.4,,131.0
1073,2017-12-10,0.6,-2.2,6.1,2.6,0.0,203.3,14.8,50.8,,0.0
1074,2017-12-11,3.3,0.5,7.7,3.9,0.0,173.3,10.8,50.0,,0.0
1075,2017-12-12,4.0,1.3,7.8,0.7,0.0,242.5,14.4,51.8,,220.0
1076,2017-12-13,2.7,-0.2,4.8,2.5,0.0,208.3,14.0,46.8,,122.0
1077,2017-12-14,3.7,0.7,5.5,0.7,0.0,236.7,12.2,46.4,,83.0
1078,2017-12-15,2.0,-1.9,5.0,0.0,0.0,230.4,5.8,29.2,,232.0
1079,2017-12-16,2.1,-2.0,4.5,0.4,0.0,279.6,7.9,31.7,,17.0
1080,2017-12-17,1.6,-0.9,2.8,0.2,0.0,272.5,10.1,32.8,,30.0
1081,2017-12-18,1.8,-1.1,4.3,0.0,0.0,194.6,6.5,21.6,,296.0
1082,2017-12-19,3.1,1.0,4.7,0.1,0.0,283.3,7.6,28.4,,0.0
1083,2017-12-20,4.9,3.3,6.8,0.2,0.0,234.6,3.6,15.8,,52.0
1084,2017-12-21,6.7,2.7,8.8,0.0,0.0,287.5,11.5,42.1,,0.0
1085,2017-12-22,4.9,2.6,6.5,0.0,0.0,298.8,8.3,28.8,,0.0
1086,2017-12-23,6.9,1.5,11.1,0.0,0.0,257.9,11.2,53.3,,190.0
1087,2017-12-24,9.6,9.0,10.8,0.0,0.0,255.4,19.8,53.3,,97.0
1088,2017-12-25,7.4,3.5,9.4,0.0,0.0,248.3,12.2,34.6,,0.0
1089,2017-12-26,5.6,2.5,9.0,0.4,0.0,231.3,12.6,59.0,,210.0
1090,2017-12-27,4.9,1.9,6.8,0.0,0.0,155.8,8.3,43.2,,19.0
1091,2017-12-28,3.4,1.7,5.2,0.0,0.0,266.3,13.3,48.6,,2.0
1092,2017-12-29,2.1,1.2,4.1,0.0,0.0,212.1,11.9,36.0,,294.0
1093,2017-12-30,5.4,1.7,10.8,0.3,0.0,214.2,14.4,51.8,,26.0
1094,2017-12-31,11.7,9.0,13.8,0.4,0.0,229.2,13.3,48.2,,148.0
1095,2018-01-01,7.5,4.1,11.6,1.1,0.0,225.0,14.8,52.9,,345.0
1096,2018-01-02,4.5,2.1,7.2,2.5,0.0,231.3,10.1,43.2,,126.0
1097,2018-01-03,6.3,4.2,8.3,6.2,0.0,224.2,19.8,59.4,,119.0
1098,2018-01-04,6.9,5.5,9.7,1.0,0.0,230.0,12.6,54.0,,5.0
1099,2018-01-05,7.5,3.6,10.1,0.0,0.0,245.4,13.7,51.1,,162.0
1100,2018-01-06,5.3,3.3,7.4,2.9,0.0,227.9,5.0,24.1,,0.0
1101,2018-01-07,1.2,-0.5,3.3,0.0,0.0,57.1,9.0,24.8,,0.0
1102,2018-01-08,-0.8,-1.8,0.8,0.0,0.0,80.8,10.4,26.6,,267.0
1103,2018-01-09,1.2,-2.2,6.2,0.1,0.0,96.3,7.6,23.4,,0.0
1104,2018-01-10,4.1,-0.9,9.5,0.0,0.0,167.5,4.3,23.8,,290.0
1105,2018-01-11,1.7,-1.2,4.7,2.0,0.0,219.2,2.9,15.5,,0.0
1106,2018-01-12,2.1,1.5,2.6,0.0,0.0,124.2,5.0,18.0,,0.0
1107,2018-01-13,0.7,-0.5,2.0,0.0,0.0,97.5,11.9,30.6,,0.0
1108,2018-01-14,-0.8,-2.6,1.2,0.0,0.0,109.6,13.0,31.0,,294.0
1109,2018-01-15,2.2,-0.5,4.5,1.3,0.0,155.4,15.8,57.6,,271.0
1110,2018-01-16,3.9,1.4,6.4,0.8,0.0,232.5,12.6,47.2,,153.0
1111,2018-01-17,2.2,0.2,3.6,2.1,0.0,260.0,14.4,48.6,,132.0
1112,2018-01-18,3.5,1.2,7.2,1.9,0.0,236.7,22.7,108.0,,54.0
1113,2018-01-19,2.8,1.2,5.4,0.3,0.0,244.2,7.6,28.8,,92.0
1114,2018-01-20,1.6,-0.9,3.8,0.4,0.0,200.0,6.5,22.0,,119.0
1115,2018-01-21,0.1,-1.3,2.9,0.0,10.0,238.8,5.8,21.2,,158.0
1116,2018-01-22,1.8,-0.5,4.8,2.3,0.0,183.3,8.6,29.2,,0.0
1117,2018-01-23,6.0,4.4,8.3,0.8,0.0,249.6,10.4,47.9,,132.0
1118,2018-01-24,10.1,7.2,11.7,0.0,0.0,,15.1,51.1,,45.0
1119,2018-01-25,9.1,6.4,11.3,5.7,0.0,201.7,7.9,38.5,,0.0
1120,2018-01-26,6.2,4.8,7.7,0.0,0.0,268.3,4.0,16.6,,0.0
1121,2018-01-27,5.6,3.1,8.7,0.0,0.0,248.8,7.2,39.6,,163.0
1122,2018-01-28,8.0,5.9,10.0,0.0,0.0,248.3,20.2,61.9,,21.0
1123,2018-01-29,9.8,4.0,11.2,1.2,0.0,265.4,22.0,61.6,,2.0
1124,2018-01-30,4.2,0.6,7.0,0.0,0.0,275.4,11.5,37.4,,312.0
1125,2018-01-31,6.4,0.7,10.1,0.8,0.0,196.7,12.2,43.6,,0.0
1126,2018-02-01,3.5,0.9,6.0,0.0,0.0,233.8,10.1,42.1,,339.0
1127,2018-02-02,3.2,1.0,5.6,0.4,0.0,235.4,10.1,36.7,,135.0
1128,2018-02-03,1.2,-0.6,3.3,6.3,0.0,267.1,9.4,36.0,,74.0
1129,2018-02-04,-2.6,-7.5,0.5,0.2,30.0,295.0,4.7,16.6,,267.0
1130,2018-02-05,-1.9,-6.5,0.2,0.3,20.0,157.1,4.3,24.1,,4.0
1131,2018-02-06,-6.3,-12.4,-2.8,0.0,20.0,153.3,4.7,24.1,,428.0
1132,2018-02-07,-2.4,-3.8,-0.3,0.0,20.0,307.9,5.0,15.1,,231.0
1133,2018-02-08,-3.5,-8.9,0.0,0.0,20.0,219.6,2.9,19.1,,287.0
1134,2018-02-09,-2.8,-9.7,1.5,0.0,20.0,159.6,5.4,27.7,,303.0
1135,2018-02-10,1.6,-0.7,4.5,0.0,20.0,200.8,5.8,23.0,,219.0
1136,2018-02-11,2.7,1.3,4.2,0.0,10.0,217.9,14.0,45.0,,51.0
1137,2018-02-12,1.9,-1.6,4.6,0.3,0.0,255.8,10.4,37.4,,127.0
1138,2018-02-13,0.8,-4.1,5.0,0.0,0.0,197.1,7.9,29.5,,536.0
1139,2018-02-14,-1.2,-7.1,5.0,0.0,0.0,132.1,6.8,28.1,,556.0
1140,2018-02-15,1.0,-2.9,3.4,0.3,0.0,152.5,13.3,42.5,,4.0
1141,2018-02-16,3.0,0.4,7.3,0.0,0.0,263.3,11.2,40.3,,514.0
1142,2018-02-17,0.8,-3.6,3.5,0.0,0.0,211.3,3.6,21.2,,9.0
1143,2018-02-18,1.4,-2.3,5.8,0.0,0.0,188.8,6.1,27.4,,202.0
1144,2018-02-19,1.0,-3.0,4.4,0.0,0.0,185.4,5.0,19.8,,2.0
1145,2018-02-20,-1.1,-4.1,1.6,0.0,0.0,176.7,4.7,20.2,,64.0
1146,2018-02-21,-1.6,-6.5,2.4,0.0,0.0,192.9,5.0,19.8,,354.0
1147,2018-02-22,-1.6,-5.6,1.8,0.0,0.0,151.3,6.1,24.8,,135.0
1148,2018-02-23,-2.9,-7.6,0.2,0.0,0.0,80.0,7.9,27.7,,515.0
1149,2018-02-24,-4.4,-9.3,0.9,0.0,0.0,135.4,9.4,42.8,,344.0
1150,2018-02-25,-6.0,-11.1,-2.6,0.0,0.0,118.8,6.1,26.3,,429.0
1151,2018-02-26,-5.8,-8.9,-3.2,0.0,0.0,50.4,7.9,31.0,,39.0
1152,2018-02-27,-7.8,-13.5,-3.3,0.0,0.0,198.3,6.5,32.8,,538.0
1153,2018-02-28,-9.6,-12.6,-6.7,0.0,0.0,86.7,13.0,33.5,,124.0
1154,2018-03-01,-8.1,-11.7,-3.6,0.0,0.0,87.9,15.5,41.0,,602.0
1155,2018-03-02,-8.1,-13.3,-2.7,0.0,0.0,77.1,9.7,33.5,,523.0
1156,2018-03-03,-6.7,-12.3,-1.1,0.4,0.0,101.3,10.1,30.6,,468.0
1157,2018-03-04,-0.8,-7.1,6.8,0.1,0.0,105.8,11.2,27.4,,268.0
1158,2018-03-05,5.3,-1.2,10.9,0.0,0.0,170.4,8.6,33.5,,457.0
1159,2018-03-06,0.0,-4.4,3.7,4.5,0.0,92.5,5.4,19.1,,58.0
1160,2018-03-07,2.0,0.0,6.0,0.0,10.0,176.7,3.2,25.6,,115.0
1161,2018-03-08,6.2,3.6,10.3,2.0,0.0,234.6,13.3,45.0,,348.0
1162,2018-03-09,5.9,3.4,10.5,2.4,0.0,230.4,13.0,43.9,,546.0
1163,2018-03-10,9.9,3.8,16.1,0.5,0.0,158.3,6.8,30.6,,115.0
1164,2018-03-11,12.2,6.1,18.0,1.3,0.0,173.8,7.9,28.8,,338.0
1165,2018-03-12,9.8,7.7,11.3,4.4,0.0,244.6,5.8,34.9,,0.0
1166,2018-03-13,8.2,3.4,11.2,0.4,0.0,256.7,14.4,47.5,,23.0
1167,2018-03-14,3.9,1.8,4.9,0.0,0.0,260.8,9.4,28.1,,0.0
1168,2018-03-15,3.6,0.3,7.7,0.0,0.0,103.8,16.6,44.3,,70.0
1169,2018-03-16,-0.3,-3.8,2.9,16.6,0.0,70.8,14.0,34.6,,0.0
1170,2018-03-17,-4.9,-6.8,-3.7,0.0,200.0,69.2,16.6,42.8,,1.0
1171,2018-03-18,-4.4,-7.2,-1.1,0.0,160.0,80.8,14.0,41.4,,524.0
1172,2018-03-19,-5.9,-14.2,0.7,0.0,120.0,238.8,5.8,18.0,,700.0
1173,2018-03-20,-1.7,-9.4,3.0,1.4,100.0,310.0,9.4,36.4,,68.0
1174,2018-03-21,-0.5,-9.4,4.8,0.0,100.0,293.3,6.5,23.8,,682.0
1175,2018-03-22,3.4,1.2,5.6,0.0,80.0,260.0,11.9,41.0,,0.0
1176,2018-03-23,4.5,2.2,8.9,0.0,0.0,230.4,7.6,21.6,,173.0
1177,2018-03-24,5.0,-1.0,10.2,0.0,0.0,108.8,7.2,29.5,,416.0
1178,2018-03-25,4.3,-2.7,10.9,0.0,0.0,,4.7,22.7,,509.0
1179,2018-03-26,5.6,-0.7,10.6,0.0,0.0,289.2,9.7,35.3,,229.0
1180,2018-03-27,4.0,-3.1,9.8,0.3,0.0,170.0,7.6,23.4,,450.0
1181,2018-03-28,4.9,3.1,8.0,3.9,0.0,88.8,9.4,42.5,,0.0
1182,2018-03-29,5.4,0.8,8.8,0.0,0.0,245.8,13.3,52.9,,135.0
1183,2018-03-30,5.9,-1.6,12.2,5.2,0.0,130.8,9.0,38.2,,368.0
1184,2018-03-31,2.2,0.2,5.2,8.4,0.0,234.6,8.6,34.6,,0.0
1185,2018-04-01,2.4,0.6,4.9,0.0,0.0,300.0,19.4,43.6,,59.0
1186,2018-04-02,6.2,-1.6,12.0,0.0,0.0,172.1,6.5,26.3,,293.0
1187,2018-04-03,14.0,7.9,20.0,0.0,0.0,204.2,10.1,40.0,,361.0
1188,2018-04-04,14.3,8.8,21.7,7.7,0.0,192.5,10.1,66.2,,445.0
1189,2018-04-05,8.9,2.7,14.0,0.0,0.0,248.8,17.3,59.4,,302.0
1190,2018-04-06,6.9,-0.9,12.9,0.0,0.0,177.1,10.1,36.4,,752.0
1191,2018-04-07,12.2,3.0,20.4,0.0,0.0,117.5,13.0,34.9,,751.0
1192,2018-04-08,13.3,4.2,20.9,0.0,0.0,110.0,9.7,41.8,,750.0
1193,2018-04-09,13.0,5.0,21.2,0.0,0.0,153.3,6.5,28.4,,535.0
1194,2018-04-10,14.4,5.8,22.4,0.0,0.0,166.7,6.5,28.8,,662.0
1195,2018-04-11,11.8,5.7,17.3,14.8,0.0,180.4,7.6,30.6,,140.0
1196,2018-04-12,13.6,7.9,20.8,0.9,0.0,204.2,6.8,40.0,,207.0
1197,2018-04-13,13.7,8.6,18.6,2.4,0.0,197.5,7.9,44.3,,37.0
1198,2018-04-14,13.9,8.7,19.0,0.0,0.0,244.2,9.0,42.5,,317.0
1199,2018-04-15,12.8,7.7,18.2,0.0,0.0,220.4,5.0,27.7,,365.0
1200,2018-04-16,13.8,10.4,17.5,0.4,0.0,269.2,5.4,31.7,,1.0
1201,2018-04-17,14.1,8.2,19.6,0.0,0.0,175.0,5.8,19.4,,744.0
1202,2018-04-18,16.3,8.0,23.5,0.0,0.0,120.0,4.7,18.0,,761.0
1203,2018-04-19,17.0,8.2,24.6,0.0,0.0,133.8,7.2,32.0,,778.0
1204,2018-04-20,18.8,8.7,27.9,0.0,0.0,195.8,4.7,32.0,,788.0
1205,2018-04-21,16.5,9.4,21.9,0.0,0.0,292.9,7.9,30.6,,688.0
1206,2018-04-22,16.5,6.5,26.5,3.1,0.0,192.5,7.2,46.1,,541.0
1207,2018-04-23,16.1,9.8,21.1,0.6,0.0,257.1,11.2,45.7,,462.0
1208,2018-04-24,12.6,8.3,16.6,0.6,0.0,254.2,7.2,38.2,,198.0
1209,2018-04-25,13.2,6.7,17.3,0.2,0.0,249.6,13.0,52.2,,288.0
1210,2018-04-26,9.5,7.0,14.3,0.1,0.0,257.5,12.2,48.2,,372.0
1211,2018-04-27,11.2,3.9,16.6,0.0,0.0,176.7,7.6,33.1,,645.0
1212,2018-04-28,14.4,5.1,20.8,0.0,0.0,231.7,8.3,40.0,,626.0
1213,2018-04-29,16.2,9.8,22.6,0.0,0.0,159.2,7.6,33.8,,604.0
1214,2018-04-30,14.9,10.1,19.1,0.0,0.0,192.1,11.2,47.9,,398.0
1215,2018-05-01,10.7,4.1,15.4,0.0,,225.4,15.1,64.1,,459.0
1216,2018-05-02,9.6,1.1,14.8,0.0,,160.4,5.8,24.8,,97.0
1217,2018-05-03,11.9,5.3,17.8,0.0,,296.7,9.4,34.2,,493.0
1218,2018-05-04,10.9,2.9,17.6,0.0,,156.7,5.8,28.1,,848.0
1219,2018-05-05,11.8,2.4,19.1,0.0,,148.8,6.5,25.9,,870.0
1220,2018-05-06,14.2,3.8,22.2,0.0,,143.8,6.5,26.3,,870.0
1221,2018-05-07,15.6,5.2,23.6,0.0,,136.7,7.9,31.3,,875.0
1222,2018-05-08,16.8,6.9,24.8,0.0,,161.7,8.6,39.2,,872.0
1223,2018-05-09,18.0,8.3,25.4,0.0,,160.0,6.8,32.8,,772.0
1224,2018-05-10,17.3,11.6,27.1,1.4,,219.6,10.4,45.4,,520.0
1225,2018-05-11,14.6,10.9,18.7,0.0,,223.3,7.9,27.4,,375.0
1226,2018-05-12,17.0,12.0,22.8,0.0,,98.3,7.6,27.0,,242.0
1227,2018-05-13,19.2,11.3,27.2,0.0,,133.8,9.4,39.2,,810.0
1228,2018-05-14,17.6,8.5,26.0,0.0,,159.2,9.7,39.6,,876.0
1229,2018-05-15,15.0,7.0,23.8,5.9,,208.3,7.6,43.6,,496.0
1230,2018-05-16,14.6,11.0,18.5,0.1,,302.1,9.7,37.1,,264.0
1231,2018-05-17,12.7,10.1,16.5,0.0,,302.1,22.0,52.9,,672.0
1232,2018-05-18,11.2,9.1,13.7,0.0,,297.9,11.2,29.5,,22.0
1233,2018-05-19,13.1,9.0,18.4,0.0,,193.8,4.0,21.6,,296.0
1234,2018-05-20,15.0,6.0,22.6,0.0,,155.8,6.8,32.0,,905.0
1235,2018-05-21,16.1,6.1,23.8,0.0,,136.3,9.4,39.2,,903.0
1236,2018-05-22,16.9,7.4,24.6,0.0,,132.5,6.5,29.9,,717.0
1237,2018-05-23,18.4,8.1,25.7,1.0,,153.8,8.6,35.6,,732.0
1238,2018-05-24,17.1,13.1,21.2,3.7,,195.8,4.3,21.6,,2.0
1239,2018-05-25,19.8,12.2,26.2,0.0,,117.9,7.2,32.8,,779.0
1240,2018-05-26,20.0,10.9,27.7,0.0,,182.1,5.0,21.2,,859.0
1241,2018-05-27,19.3,11.9,26.8,0.3,,199.6,5.4,25.9,,475.0
1242,2018-05-28,22.4,12.8,30.6,0.0,,151.7,6.8,31.7,,693.0
1243,2018-05-29,24.2,15.2,31.3,0.0,,110.8,9.7,38.5,,753.0
1244,2018-05-30,22.5,16.9,28.9,0.0,,229.2,6.1,19.4,,490.0
1245,2018-05-31,22.5,14.7,29.8,0.5,,185.0,5.8,27.4,,655.0
1246,2018-06-01,20.5,17.2,25.9,0.3,,219.2,5.0,32.8,,139.0
1247,2018-06-02,19.3,16.6,22.1,0.1,,291.3,9.4,29.2,,55.0
1248,2018-06-03,19.6,14.3,25.6,0.0,,294.2,6.1,23.4,,363.0
1249,2018-06-04,20.4,13.8,26.0,0.0,,292.1,6.5,26.3,,645.0
1250,2018-06-05,18.1,12.9,23.5,0.0,,282.9,7.2,22.7,,485.0
1251,2018-06-06,19.0,10.9,26.2,0.0,,155.4,8.6,32.8,,908.0
1252,2018-06-07,20.9,11.2,30.0,0.0,,147.5,8.3,35.6,,710.0
1253,2018-06-08,23.4,14.7,30.7,0.0,,161.3,6.5,26.3,,837.0
1254,2018-06-09,22.5,14.6,30.3,0.0,,253.8,5.8,23.8,,355.0
1255,2018-06-10,20.8,16.2,24.8,0.4,,260.8,10.1,36.7,,406.0
1256,2018-06-11,18.2,15.0,24.0,0.0,,305.8,8.6,26.6,,285.0
1257,2018-06-12,15.5,12.7,19.0,0.0,,306.3,11.2,31.3,,101.0
1258,2018-06-13,14.0,12.1,16.2,0.0,,301.3,11.2,35.6,,4.0
1259,2018-06-14,17.3,9.8,24.0,0.0,,273.3,7.2,30.6,,742.0
1260,2018-06-15,17.9,14.4,23.5,0.0,,234.2,4.3,19.4,,116.0
1261,2018-06-16,21.4,14.7,27.1,0.0,,197.5,6.1,27.4,,343.0
1262,2018-06-17,19.1,15.0,23.8,0.0,,285.8,9.0,33.1,,242.0
1263,2018-06-18,19.5,14.8,24.0,0.0,,264.6,7.9,27.4,,265.0
1264,2018-06-19,20.5,14.8,24.0,0.0,,276.3,10.4,38.2,,179.0
1265,2018-06-20,21.7,14.4,29.0,0.0,,217.5,6.1,27.4,,460.0
1266,2018-06-21,16.5,8.9,24.9,4.0,,288.8,15.8,69.5,,478.0
1267,2018-06-22,12.8,8.9,18.0,0.4,,280.4,16.6,49.0,,319.0
1268,2018-06-23,12.8,10.5,16.9,0.1,,291.3,17.6,46.4,,42.0
1269,2018-06-24,13.1,11.1,16.0,1.1,,297.1,14.0,34.9,,7.0
1270,2018-06-25,15.7,10.6,20.6,0.0,,300.4,11.2,37.8,,264.0
1271,2018-06-26,17.1,12.6,23.6,0.2,,309.6,9.7,29.2,,509.0
1272,2018-06-27,18.7,12.6,25.0,0.0,,165.4,9.4,32.0,,712.0
1273,2018-06-28,20.6,10.5,29.0,0.0,,175.4,8.3,41.8,,623.0
1274,2018-06-29,22.5,15.1,29.5,0.0,,309.6,10.1,31.0,,912.0
1275,2018-06-30,18.0,10.8,23.5,0.0,,76.7,10.1,37.4,,956.0
1276,2018-07-01,16.6,7.9,22.9,0.0,,122.1,9.0,35.3,,955.0
1277,2018-07-02,17.2,7.3,24.8,0.0,,185.8,5.8,25.9,,955.0
1278,2018-07-03,20.1,8.7,28.2,0.0,,259.2,5.0,30.2,,930.0
1279,2018-07-04,23.0,10.8,31.2,0.0,,256.3,5.4,28.1,,825.0
1280,2018-07-05,23.2,16.3,29.7,0.0,,310.4,9.7,37.1,,647.0
1281,2018-07-06,17.8,12.1,22.9,0.0,,300.0,14.4,42.1,,339.0
1282,2018-07-07,17.8,10.1,24.5,0.0,,298.3,14.4,44.6,,827.0
1283,2018-07-08,19.1,12.2,26.2,0.0,,305.0,12.6,38.9,,687.0
1284,2018-07-09,18.1,12.2,23.2,0.0,,302.1,13.7,41.4,,519.0
1285,2018-07-10,15.9,12.1,19.0,0.5,,231.7,6.1,23.0,,168.0
1286,2018-07-11,15.3,10.1,22.7,18.2,,286.3,7.6,27.4,,109.0
1287,2018-07-12,18.5,11.4,25.9,2.5,,292.1,10.1,36.7,,235.0
1288,2018-07-13,19.6,13.6,25.4,0.0,,304.2,10.4,34.9,,812.0
1289,2018-07-14,19.2,12.8,26.0,0.0,,317.5,8.3,25.2,,703.0
1290,2018-07-15,19.7,11.6,26.9,0.0,,200.0,5.8,23.8,,928.0
1291,2018-07-16,21.0,11.8,28.9,0.0,,167.5,5.0,24.8,,915.0
1292,2018-07-17,23.6,13.5,30.9,0.0,,303.8,9.0,35.3,,886.0
1293,2018-07-18,20.9,14.5,25.8,0.0,,305.0,17.3,42.5,,718.0
1294,2018-07-19,20.4,12.6,27.4,0.0,,314.2,8.6,40.7,,906.0
1295,2018-07-20,21.8,12.1,29.6,0.0,,150.8,5.0,22.0,,669.0
1296,2018-07-21,21.8,13.1,27.9,1.5,,197.5,6.8,32.4,,318.0
1297,2018-07-22,20.5,16.3,26.4,0.0,,219.6,6.8,27.0,,94.0
1298,2018-07-23,22.5,15.9,29.1,0.0,,275.4,5.4,26.6,,697.0
1299,2018-07-24,25.0,14.8,32.8,0.0,,136.7,5.0,25.9,,901.0
1300,2018-07-25,27.1,17.7,34.3,0.0,,144.6,5.4,31.3,,842.0
1301,2018-07-26,26.4,17.5,33.6,0.0,,129.6,8.3,39.6,,855.0
1302,2018-07-27,25.0,16.7,33.4,0.0,,147.1,7.6,46.4,,753.0
1303,2018-07-28,24.2,16.4,33.9,4.1,,155.4,9.7,61.2,,548.0
1304,2018-07-29,22.9,16.4,29.6,0.0,,170.4,7.6,29.5,,400.0
1305,2018-07-30,27.5,18.6,34.4,0.0,,107.9,5.8,27.0,,789.0
1306,2018-07-31,28.7,18.5,37.1,0.0,,204.2,7.6,36.7,,719.0
1307,2018-08-01,26.2,20.4,32.7,5.4,,297.9,10.4,32.0,,605.0
1308,2018-08-02,23.1,18.8,28.4,1.6,,141.7,5.8,24.8,,572.0
1309,2018-08-03,25.4,17.1,32.3,0.0,,164.2,6.5,25.9,,797.0
1310,2018-08-04,26.2,18.6,33.1,0.0,,288.8,8.6,33.1,,762.0
1311,2018-08-05,21.4,14.4,25.6,0.0,,311.7,11.2,36.7,,511.0
1312,2018-08-06,22.3,12.4,30.0,0.0,,149.6,7.6,31.0,,865.0
1313,2018-08-07,27.9,15.1,36.8,0.0,,165.0,6.5,38.2,,679.0
1314,2018-08-08,28.7,21.0,34.5,0.1,,214.2,9.7,42.1,,532.0
1315,2018-08-09,24.4,17.8,34.1,4.9,,204.6,9.0,72.0,,546.0
1316,2018-08-10,20.4,15.0,24.7,0.0,,249.2,11.5,39.2,,550.0
1317,2018-08-11,18.0,11.0,23.1,0.0,,255.4,10.4,47.2,,454.0
1318,2018-08-12,19.8,9.9,28.3,0.0,,196.3,5.0,25.9,,791.0
1319,2018-08-13,20.3,12.7,29.5,0.0,,175.8,8.6,47.2,,434.0
1320,2018-08-14,19.2,16.0,24.1,0.2,,254.2,11.9,44.3,,240.0
1321,2018-08-15,19.2,13.6,24.9,0.0,,264.2,6.5,28.8,,222.0
1322,2018-08-16,22.4,12.4,31.1,0.0,,160.8,5.8,27.7,,804.0
1323,2018-08-17,21.6,16.9,28.7,0.0,,310.0,10.8,37.8,,635.0
1324,2018-08-18,21.0,15.4,27.0,0.0,,240.4,5.4,20.2,,426.0
1325,2018-08-19,22.5,12.8,31.3,0.0,,235.8,6.1,26.3,,803.0
1326,2018-08-20,21.0,16.7,24.1,0.0,,285.4,9.4,34.9,,6.0
1327,2018-08-21,20.6,14.4,26.2,0.0,,186.3,5.0,18.7,,402.0
1328,2018-08-22,21.5,11.5,30.0,0.0,,145.0,6.5,29.2,,763.0
1329,2018-08-23,23.1,15.1,32.3,0.0,,297.9,5.8,39.6,,632.0
1330,2018-08-24,18.3,13.5,21.6,0.9,,278.8,7.9,43.9,,128.0
1331,2018-08-25,14.3,10.8,18.6,0.3,,235.4,9.0,43.9,,226.0
1332,2018-08-26,14.7,8.4,20.8,0.0,,255.8,7.6,29.5,,527.0
1333,2018-08-27,17.7,13.6,21.3,0.0,,205.0,12.6,43.2,,189.0
1334,2018-08-28,17.9,10.7,24.5,0.0,,237.5,5.8,22.3,,490.0
1335,2018-08-29,20.2,8.4,29.4,0.6,,155.8,6.8,31.7,,728.0
1336,2018-08-30,16.9,13.7,20.1,1.7,,291.3,14.0,43.9,,14.0
1337,2018-08-31,14.6,9.2,19.9,0.0,,300.8,8.6,30.6,,370.0
1338,2018-09-01,15.3,8.0,22.1,0.0,,230.0,5.8,24.8,,423.0
1339,2018-09-02,14.8,11.1,18.1,3.5,,227.9,5.8,25.6,,7.0
1340,2018-09-03,19.7,15.1,25.9,0.1,,236.3,5.4,36.4,,265.0
1341,2018-09-04,20.2,13.6,27.1,0.0,,212.5,5.0,23.4,,614.0
1342,2018-09-05,17.4,10.5,24.8,0.0,,171.7,5.0,23.8,,727.0
1343,2018-09-06,18.5,9.8,27.8,5.1,,186.3,7.2,41.0,,487.0
1344,2018-09-07,17.6,12.0,23.3,0.0,,252.1,6.1,29.2,,336.0
1345,2018-09-08,15.9,8.7,22.0,0.0,,235.4,7.2,28.1,,670.0
1346,2018-09-09,17.8,11.8,25.2,0.0,,213.3,5.0,23.4,,243.0
1347,2018-09-10,18.9,10.8,27.3,0.0,,230.8,5.8,29.5,,126.0
1348,2018-09-11,21.3,16.0,27.4,0.0,,222.5,9.7,36.7,,679.0
1349,2018-09-12,21.1,12.9,28.7,0.2,,261.7,11.5,43.2,,618.0
1350,2018-09-13,12.9,12.1,13.6,0.4,,240.4,4.7,14.8,,0.0
1351,2018-09-14,15.4,12.3,20.4,0.0,,229.6,4.7,21.2,,205.0
1352,2018-09-15,15.9,10.7,21.2,0.0,,278.3,9.4,37.8,,358.0
1353,2018-09-16,16.1,8.2,23.7,0.0,,178.8,4.3,21.6,,600.0
1354,2018-09-17,18.8,9.1,28.3,0.0,,147.9,4.0,20.2,,680.0
1355,2018-09-18,22.2,9.8,31.4,0.0,,191.7,7.2,34.6,,689.0
1356,2018-09-19,23.0,15.0,29.9,0.0,,208.3,7.6,39.2,,661.0
1357,2018-09-20,21.9,14.2,28.9,0.0,,227.9,7.6,38.5,,499.0
1358,2018-09-21,19.2,10.7,27.8,1.6,,201.3,13.7,59.4,,187.0
1359,2018-09-22,13.2,10.5,16.7,0.1,,251.7,11.9,46.1,,304.0
1360,2018-09-23,10.2,8.0,11.8,20.0,,180.8,9.4,42.8,,0.0
1361,2018-09-24,9.1,6.7,12.4,1.3,,295.0,17.6,52.2,,372.0
1362,2018-09-25,9.0,4.7,14.2,0.0,,291.3,8.3,27.4,,595.0
1363,2018-09-26,12.7,4.1,17.9,0.0,,237.5,10.1,37.1,,608.0
1364,2018-09-27,18.2,12.9,25.0,0.0,,243.8,6.5,25.6,,495.0
1365,2018-09-28,11.8,5.9,16.4,0.2,,305.8,9.7,38.5,,183.0
1366,2018-09-29,9.1,2.7,15.3,0.0,,210.0,5.4,20.9,,673.0
1367,2018-09-30,11.0,2.9,19.4,0.0,,191.3,5.4,22.3,,669.0
1368,2018-10-01,8.1,3.8,13.8,0.3,0.0,289.6,11.5,49.7,,69.0
1369,2018-10-02,8.8,5.4,12.7,0.1,0.0,250.4,14.8,53.6,,8.0
1370,2018-10-03,11.7,8.1,15.3,0.0,0.0,284.2,18.7,56.5,,299.0
1371,2018-10-04,11.3,6.5,15.6,0.0,0.0,242.9,6.8,27.0,,3.0
1372,2018-10-05,13.1,5.8,22.2,0.0,0.0,140.4,4.7,20.9,,643.0
1373,2018-10-06,16.6,7.2,24.0,0.0,0.0,214.2,6.5,29.2,,467.0
1374,2018-10-07,11.2,2.9,18.3,0.3,0.0,273.3,8.3,36.0,,88.0
1375,2018-10-08,8.8,0.9,17.4,0.0,0.0,159.6,3.2,16.6,,599.0
1376,2018-10-09,12.2,4.5,22.6,0.0,0.0,127.1,3.2,14.8,,402.0
1377,2018-10-10,14.4,6.4,22.7,0.0,0.0,115.0,6.1,36.7,,605.0
1378,2018-10-11,16.5,8.9,24.3,0.0,0.0,110.0,8.3,30.2,,609.0
1379,2018-10-12,18.0,9.7,27.3,0.0,0.0,171.3,5.4,24.8,,561.0
1380,2018-10-13,18.2,9.8,27.1,0.0,0.0,144.2,6.5,27.0,,610.0
1381,2018-10-14,16.0,6.6,24.8,0.0,0.0,122.9,5.8,27.0,,603.0
1382,2018-10-15,15.1,7.1,25.1,0.0,0.0,164.6,5.0,21.2,,602.0
1383,2018-10-16,14.8,7.7,22.0,0.0,0.0,273.3,5.4,22.3,,166.0
1384,2018-10-17,14.7,9.3,22.0,0.0,0.0,186.3,3.2,13.0,,504.0
1385,2018-10-18,12.6,8.8,15.5,0.0,0.0,301.3,9.0,27.0,,25.0
1386,2018-10-19,11.1,6.4,14.7,0.0,0.0,120.8,4.0,16.6,,197.0
1387,2018-10-20,9.2,3.2,14.3,0.0,0.0,264.6,5.0,24.5,,297.0
1388,2018-10-21,10.4,5.4,15.9,0.0,0.0,235.8,3.6,12.6,,222.0
1389,2018-10-22,8.7,3.8,12.9,1.1,0.0,269.2,7.6,34.2,,16.0
1390,2018-10-23,10.1,5.0,12.9,2.8,0.0,267.1,19.8,65.5,,0.0
1391,2018-10-24,10.9,9.1,12.3,0.7,0.0,302.1,20.9,63.7,,50.0
1392,2018-10-25,12.2,10.3,14.4,0.0,0.0,283.8,17.6,53.3,,21.0
1393,2018-10-26,10.3,7.6,12.6,0.0,0.0,227.5,10.1,41.0,,24.0
1394,2018-10-27,7.1,2.8,9.8,0.0,0.0,275.4,10.4,33.1,,62.0
1395,2018-10-28,4.0,1.8,6.1,0.9,0.0,161.6,7.9,31.7,,0.0
1396,2018-10-29,3.8,3.3,5.2,1.9,0.0,74.6,11.9,35.3,,0.0
1397,2018-10-30,7.4,3.9,13.3,1.0,0.0,143.3,12.2,55.1,,259.0
1398,2018-10-31,8.5,3.1,13.3,0.0,0.0,170.4,8.3,44.3,,389.0
1399,2018-11-01,6.5,0.1,11.8,0.0,0.0,161.7,6.5,40.0,,91.0
1400,2018-11-02,9.4,3.7,14.2,0.0,0.0,242.5,6.5,32.4,,393.0
1401,2018-11-03,6.6,3.8,9.5,0.0,0.0,167.5,3.2,13.3,,35.0
1402,2018-11-04,8.5,5.8,10.3,0.0,0.0,97.1,6.8,16.9,,0.0
1403,2018-11-05,9.7,5.7,12.1,0.0,0.0,111.3,9.0,29.2,,73.0
1404,2018-11-06,10.4,4.2,19.1,0.0,0.0,112.9,4.3,18.4,,458.0
1405,2018-11-07,10.9,5.0,18.4,0.0,0.0,181.7,5.0,18.7,,516.0
1406,2018-11-08,11.8,8.7,14.8,0.3,0.0,232.1,5.4,24.5,,12.0
1407,2018-11-09,10.0,7.6,14.2,0.0,0.0,131.7,5.4,19.4,,290.0
1408,2018-11-10,11.9,6.9,17.3,0.3,0.0,142.1,7.6,26.6,,233.0
1409,2018-11-11,12.1,10.4,14.1,0.9,0.0,166.7,10.1,34.6,,234.0
1410,2018-11-12,15.2,10.3,20.1,1.7,0.0,188.3,10.8,32.4,,286.0
1411,2018-11-13,11.4,8.4,14.5,0.7,0.0,226.7,8.6,40.3,,206.0
1412,2018-11-14,8.8,3.8,14.0,0.0,0.0,204.2,5.4,20.5,,393.0
1413,2018-11-15,5.4,0.3,12.5,0.0,0.0,128.8,5.4,26.3,,465.0
1414,2018-11-16,3.6,0.0,8.4,0.0,0.0,94.6,7.6,31.3,,474.0
1415,2018-11-17,-0.9,-5.9,2.6,0.0,0.0,162.1,5.4,24.1,,54.0
1416,2018-11-18,-1.6,-7.5,4.0,1.1,0.0,309.2,4.3,22.7,,248.0
1417,2018-11-19,3.1,1.7,4.2,0.8,0.0,62.9,13.7,43.2,,0.0
1418,2018-11-20,1.2,0.1,2.0,1.1,0.0,89.2,16.9,45.0,,0.0
1419,2018-11-21,0.5,0.0,1.0,0.7,0.0,85.0,8.6,25.6,,0.0
1420,2018-11-22,0.7,-0.1,1.5,0.1,0.0,95.0,8.3,20.9,,0.0
1421,2018-11-23,1.7,-2.4,6.0,0.0,0.0,155.8,5.8,19.1,,188.0
1422,2018-11-24,-0.1,-2.5,2.1,0.2,0.0,172.5,3.6,13.3,,0.0
1423,2018-11-25,3.5,1.1,7.6,1.8,0.0,144.6,3.6,18.4,,87.0
1424,2018-11-26,2.3,0.2,4.3,0.0,0.0,89.2,6.5,23.0,,0.0
1425,2018-11-27,-0.5,-4.1,1.6,0.0,0.0,72.5,5.0,19.1,,85.0
1426,2018-11-28,-1.1,-5.1,1.7,0.0,0.0,119.2,10.1,27.7,,354.0
1427,2018-11-29,5.1,0.6,9.0,0.0,0.0,135.4,10.8,42.8,,53.0
1428,2018-11-30,6.4,4.7,8.4,1.7,0.0,202.1,9.0,33.8,,0.0
1429,2018-12-01,7.4,6.2,9.2,0.0,0.0,222.5,10.8,33.8,,237.0
1430,2018-12-02,9.6,7.0,13.0,9.0,0.0,202.9,10.8,40.7,,0.0
1431,2018-12-03,12.0,9.1,14.0,4.6,0.0,226.7,10.1,36.0,,170.0
1432,2018-12-04,6.1,2.1,11.1,0.0,0.0,281.3,14.8,44.3,,279.0
1433,2018-12-05,2.9,-1.6,7.8,4.0,0.0,192.1,6.1,27.0,,387.0
1434,2018-12-06,7.4,2.9,11.8,0.0,0.0,210.0,9.7,32.4,,45.0
1435,2018-12-07,11.5,7.8,12.5,3.9,0.0,241.3,13.0,58.0,,0.0
1436,2018-12-08,7.1,5.6,8.7,1.5,0.0,247.1,16.9,57.2,,145.0
1437,2018-12-09,7.4,5.5,8.8,1.7,0.0,263.8,18.7,59.8,,63.0
1438,2018-12-10,4.6,3.3,5.7,1.2,0.0,289.6,25.2,54.4,,120.0
1439,2018-12-11,4.1,2.8,5.1,0.1,0.0,,23.8,59.4,,18.0
1440,2018-12-12,2.5,0.8,3.2,4.2,0.0,252.9,8.6,23.8,,0.0
1441,2018-12-13,0.9,0.2,1.8,1.4,0.0,75.8,6.8,20.9,,0.0
1442,2018-12-14,-0.2,-0.6,0.7,0.0,0.0,76.7,7.9,19.4,,0.0
1443,2018-12-15,-0.8,-1.7,-0.3,0.0,0.0,107.1,9.7,26.6,,0.0
1444,2018-12-16,-0.6,-1.5,0.9,0.2,0.0,159.6,10.4,27.4,,2.0
1445,2018-12-17,2.7,-1.5,5.1,0.2,0.0,229.2,7.2,34.2,,105.0
1446,2018-12-18,4.4,1.6,6.6,0.0,0.0,208.8,8.3,27.0,,357.0
1447,2018-12-19,3.6,-0.5,5.5,0.0,0.0,154.6,8.3,28.8,,0.0
1448,2018-12-20,5.5,2.7,7.4,0.0,0.0,236.3,6.5,25.2,,0.0
1449,2018-12-21,8.7,6.5,12.5,0.4,0.0,213.8,14.0,51.1,,0.0
1450,2018-12-22,7.6,5.4,10.1,6.8,0.0,276.7,13.3,54.0,,27.0
1451,2018-12-23,6.3,4.0,8.1,9.9,0.0,255.8,7.6,26.3,,0.0
1452,2018-12-24,2.8,1.0,4.8,0.0,0.0,307.9,11.5,37.8,,0.0
1453,2018-12-25,4.8,3.4,5.9,0.0,0.0,292.1,17.6,49.3,,26.0
1454,2018-12-26,5.9,4.2,7.2,0.0,0.0,285.4,12.6,48.6,,0.0
1455,2018-12-27,4.2,0.2,7.7,0.0,0.0,257.5,3.6,15.8,,282.0
1456,2018-12-28,5.6,3.5,7.2,0.1,0.0,290.0,9.4,25.9,,0.0
1457,2018-12-29,5.9,4.5,8.2,4.1,0.0,253.3,11.5,48.6,,113.0
1458,2018-12-30,6.9,5.4,7.7,0.0,0.0,298.3,25.6,76.3,,123.0
1459,2018-12-31,7.1,5.1,9.1,0.0,0.0,288.3,5.8,23.4,,0.0
1460,2019-01-01,6.7,1.4,9.0,1.2,0.0,284.6,23.0,70.2,,0.0
1461,2019-01-02,2.4,-1.0,3.8,0.0,0.0,312.9,24.1,59.8,,199.0
1462,2019-01-03,0.0,-2.5,1.9,0.0,0.0,300.0,13.3,33.8,,364.0
1463,2019-01-04,2.8,-0.3,5.8,2.3,0.0,295.8,18.0,47.5,,0.0
1464,2019-01-05,6.7,5.2,7.5,0.8,0.0,303.8,22.0,61.2,,0.0
1465,2019-01-06,4.6,3.0,5.6,2.2,0.0,272.9,6.1,25.9,,0.0
1466,2019-01-07,5.6,5.0,6.5,0.6,0.0,278.3,15.5,49.0,,7.0
1467,2019-01-08,5.3,1.4,7.5,7.2,0.0,275.4,24.8,78.1,,52.0
1468,2019-01-09,0.9,0.1,1.7,2.4,0.0,313.3,21.2,52.2,,0.0
1469,2019-01-10,0.0,-0.6,0.7,0.1,0.0,310.8,8.6,29.2,,0.0
1470,2019-01-11,3.2,-0.5,6.4,0.2,0.0,267.1,14.0,55.8,,0.0
1471,2019-01-12,5.4,4.1,6.4,2.3,0.0,274.6,17.3,46.8,,0.0
1472,2019-01-13,6.9,2.6,9.0,8.1,0.0,270.4,20.2,69.8,,0.0
1473,2019-01-14,2.5,-0.3,5.7,1.0,0.0,301.7,28.4,63.7,,103.0
1474,2019-01-15,4.5,2.0,6.8,0.0,0.0,267.9,18.7,49.0,,0.0
1475,2019-01-16,5.8,4.0,6.9,0.0,0.0,246.3,13.0,42.8,,1.0
1476,2019-01-17,4.1,1.1,7.5,2.7,0.0,256.3,14.4,52.2,,87.0
1477,2019-01-18,0.4,-3.1,3.3,0.0,10.0,278.3,11.9,50.0,,452.0
1478,2019-01-19,-1.4,-5.9,2.7,0.0,10.0,159.2,4.3,33.8,,393.0
1479,2019-01-20,-5.6,-9.1,-1.2,0.0,0.0,175.0,2.5,11.2,,460.0
1480,2019-01-21,-4.4,-9.5,2.3,0.0,0.0,186.3,4.3,16.6,,459.0
1481,2019-01-22,-4.1,-8.6,2.6,0.0,0.0,142.5,6.1,27.0,,470.0
1482,2019-01-23,-6.9,-9.7,-4.3,0.0,0.0,118.3,7.6,26.6,,169.0
1483,2019-01-24,-4.8,-6.9,-3.0,0.1,0.0,166.7,5.0,24.1,,0.0
1484,2019-01-25,-3.5,-5.2,0.8,1.1,20.0,209.6,6.8,40.3,,0.0
1485,2019-01-26,3.8,0.3,6.1,7.8,10.0,247.5,13.7,41.8,,0.0
1486,2019-01-27,5.2,2.9,7.6,0.8,0.0,214.2,15.1,44.3,,110.0
1487,2019-01-28,2.7,0.0,4.7,0.6,0.0,241.3,13.0,62.6,,137.0
1488,2019-01-29,1.5,-1.9,4.4,0.0,0.0,252.5,11.5,37.8,,69.0
1489,2019-01-30,-0.6,-3.3,2.3,0.0,0.0,114.6,10.4,38.2,,49.0
1490,2019-01-31,1.0,-2.8,4.6,0.0,0.0,165.4,8.6,29.5,,489.0
1491,2019-02-01,-0.4,-3.4,2.6,1.3,0.0,110.4,9.0,26.6,,9.0
1492,2019-02-02,0.1,-0.5,0.6,0.8,0.0,291.7,6.1,31.7,,0.0
1493,2019-02-03,0.5,-0.6,1.4,0.0,0.0,306.3,14.4,33.8,,0.0
1494,2019-02-04,2.2,-1.0,4.8,0.0,0.0,227.1,10.4,40.7,,391.0
1495,2019-02-05,3.2,0.9,6.3,0.0,0.0,231.7,8.6,33.5,,97.0
1496,2019-02-06,3.8,-1.5,8.2,0.0,0.0,213.3,7.2,33.8,,297.0
1497,2019-02-07,5.4,1.2,8.9,0.0,0.0,227.5,13.3,52.2,,108.0
1498,2019-02-08,6.3,3.1,7.9,0.1,0.0,215.8,13.0,49.3,,160.0
1499,2019-02-09,7.8,5.0,10.3,0.4,0.0,222.1,16.2,52.6,,269.0
1500,2019-02-10,6.9,4.4,9.2,6.9,0.0,206.3,13.7,45.4,,0.0
1501,2019-02-11,4.4,2.2,7.4,0.8,0.0,292.9,25.6,60.8,,185.0
1502,2019-02-12,3.9,2.1,6.2,0.0,0.0,290.8,16.9,44.3,,170.0
1503,2019-02-13,6.0,1.8,9.3,0.0,0.0,252.1,9.0,31.0,,0.0
1504,2019-02-14,4.9,-0.1,13.2,0.0,0.0,238.8,3.6,33.1,,486.0
1505,2019-02-15,6.3,-1.3,15.6,0.0,0.0,154.6,4.0,33.8,,578.0
1506,2019-02-16,10.1,1.6,18.0,0.0,0.0,210.0,7.2,37.4,,575.0
1507,2019-02-17,8.6,-0.3,18.3,0.0,0.0,184.2,5.0,26.6,,520.0
1508,2019-02-18,11.1,2.1,18.3,0.0,0.0,218.3,7.6,30.2,,568.0
1509,2019-02-19,8.7,5.7,11.9,0.2,0.0,261.7,13.3,39.6,,228.0
1510,2019-02-20,7.6,5.1,10.8,0.0,0.0,255.0,9.7,31.0,,102.0
1511,2019-02-21,9.2,6.8,11.8,0.4,0.0,264.6,13.7,37.4,,61.0
1512,2019-02-22,4.6,-1.7,8.7,0.6,0.0,198.3,9.7,34.6,,0.0
1513,2019-02-23,1.5,-2.8,6.8,0.0,0.0,121.7,7.9,32.8,,405.0
1514,2019-02-24,4.0,-3.1,13.3,0.0,0.0,204.6,3.6,14.0,,599.0
1515,2019-02-25,6.8,-0.8,16.3,0.0,0.0,277.1,4.3,32.4,,574.0
1516,2019-02-26,8.0,1.0,15.8,0.0,0.0,290.0,6.8,26.3,,595.0
1517,2019-02-27,9.6,-0.7,18.7,0.0,0.0,265.8,4.7,34.6,,609.0
1518,2019-02-28,10.7,6.3,13.9,0.3,0.0,293.8,13.3,45.7,,361.0
1519,2019-03-01,7.2,3.8,9.7,1.8,0.0,280.4,9.7,34.2,,3.0
1520,2019-03-02,5.3,3.5,8.5,0.0,0.0,226.3,6.1,31.3,,0.0
1521,2019-03-03,10.5,8.5,12.1,0.0,0.0,242.1,15.5,48.2,,0.0
1522,2019-03-04,10.1,5.4,14.6,1.7,0.0,230.0,20.9,85.3,,293.0
1523,2019-03-05,6.4,3.7,8.9,0.4,0.0,252.5,16.9,50.0,,389.0
1524,2019-03-06,8.1,1.9,12.3,0.0,0.0,180.8,14.0,44.6,,19.0
1525,2019-03-07,11.0,7.8,15.2,0.3,0.0,192.1,16.6,68.0,,437.0
1526,2019-03-08,7.5,4.9,10.2,0.6,0.0,249.6,18.0,58.0,,231.0
1527,2019-03-09,8.4,4.8,14.2,3.6,0.0,246.3,21.6,72.4,,341.0
1528,2019-03-10,5.4,0.3,9.6,9.9,0.0,224.6,14.0,73.4,,21.0
1529,2019-03-11,3.5,0.9,6.3,1.6,0.0,263.8,15.8,51.5,,224.0
1530,2019-03-12,6.0,2.1,8.7,0.0,0.0,225.0,13.7,48.6,,272.0
1531,2019-03-13,6.7,4.3,9.6,0.1,0.0,242.9,17.6,56.5,,217.0
1532,2019-03-14,5.9,4.7,7.4,0.8,0.0,247.9,18.4,73.1,,35.0
1533,2019-03-15,8.1,6.1,12.3,3.3,0.0,265.8,19.8,83.5,,11.0
1534,2019-03-16,8.2,5.2,11.5,0.7,0.0,255.8,14.4,51.1,,0.0
1535,2019-03-17,8.0,3.8,12.2,0.4,0.0,246.3,13.7,55.4,,85.0
1536,2019-03-18,5.4,3.5,9.0,0.0,0.0,263.3,17.3,48.6,,336.0
1537,2019-03-19,4.9,1.3,8.2,0.2,0.0,288.3,12.2,37.8,,172.0
1538,2019-03-20,8.0,0.5,14.0,0.0,0.0,273.8,6.5,24.1,,541.0
1539,2019-03-21,10.9,5.5,16.8,0.0,0.0,242.5,4.7,17.3,,643.0
1540,2019-03-22,10.3,2.3,18.2,0.0,0.0,147.9,7.9,29.9,,574.0
1541,2019-03-23,9.0,4.7,14.2,0.0,0.0,265.0,9.4,37.1,,507.0
1542,2019-03-24,6.8,2.4,11.5,0.3,0.0,271.3,5.8,22.0,,195.0
1543,2019-03-25,4.9,3.3,8.3,1.1,0.0,282.1,16.6,54.0,,274.0
1544,2019-03-26,5.7,2.9,8.5,0.0,0.0,298.3,20.5,49.3,,104.0
1545,2019-03-27,7.9,4.0,11.4,1.2,0.0,298.8,13.7,40.7,,128.0
1546,2019-03-28,9.8,7.3,13.3,0.1,0.0,303.8,10.4,30.6,,106.0
1547,2019-03-29,10.7,5.2,15.9,0.0,0.0,199.2,5.4,27.4,,366.0
1548,2019-03-30,12.0,2.5,19.5,0.0,0.0,212.9,6.8,32.4,,707.0
1549,2019-03-31,7.4,0.4,10.9,0.0,0.0,,7.2,24.1,,48.0
1550,2019-04-01,4.6,-2.8,11.7,0.0,0.0,,,,,750.0
1551,2019-04-02,9.3,-0.9,17.1,0.0,0.0,112.9,10.8,38.5,,510.0
1552,2019-04-03,12.2,6.7,15.7,0.0,0.0,122.9,6.1,35.3,,131.0
1553,2019-04-04,7.5,3.7,10.8,0.0,0.0,307.1,10.8,41.0,,130.0
1554,2019-04-05,7.8,3.0,10.4,0.0,0.0,242.5,9.4,30.6,,0.0
1555,2019-04-06,10.6,1.4,19.4,0.0,0.0,183.8,5.8,23.8,,565.0
1556,2019-04-07,11.2,3.0,18.6,0.0,0.0,176.7,5.8,28.8,,655.0
1557,2019-04-08,11.6,2.9,19.4,0.0,0.0,195.0,5.4,20.9,,700.0
1558,2019-04-09,6.6,0.9,12.4,0.0,0.0,162.5,6.8,26.3,,245.0
1559,2019-04-10,4.4,-2.3,10.4,0.0,0.0,150.0,6.5,26.6,,430.0
1560,2019-04-11,4.0,-0.3,6.9,0.0,0.0,113.8,7.9,27.4,,15.0
1561,2019-04-12,2.2,0.4,4.0,1.5,0.0,80.4,7.9,22.3,,0.0
1562,2019-04-13,1.6,-0.1,3.9,1.9,0.0,174.2,5.4,22.7,,5.0
1563,2019-04-14,1.7,-2.2,4.4,3.5,0.0,282.9,6.5,18.7,,0.0
1564,2019-04-15,6.9,0.0,13.5,0.0,0.0,174.6,6.8,27.4,,792.0
1565,2019-04-16,7.5,-1.4,15.8,0.0,0.0,162.9,8.6,33.5,,787.0
1566,2019-04-17,9.7,0.0,17.6,0.0,0.0,116.7,8.3,32.4,,789.0
1567,2019-04-18,11.7,2.2,20.4,0.0,0.0,177.1,7.6,41.0,,780.0
1568,2019-04-19,13.0,2.8,21.9,0.0,0.0,182.9,7.9,38.2,,801.0
1569,2019-04-20,12.7,2.6,21.5,0.0,0.0,190.0,5.0,22.7,,807.0
1570,2019-04-21,12.7,2.4,21.1,0.0,0.0,170.8,6.5,31.3,,816.0
1571,2019-04-22,12.1,3.2,19.5,0.0,0.0,149.2,12.2,47.2,,814.0
1572,2019-04-23,12.8,3.7,18.7,0.0,0.0,113.3,18.7,57.6,,633.0
1573,2019-04-24,16.8,10.0,24.1,1.4,0.0,107.5,15.8,53.6,,612.0
1574,2019-04-25,16.9,7.8,23.4,0.0,0.0,133.8,10.4,36.7,,659.0
1575,2019-04-26,13.0,8.8,17.5,8.1,0.0,,22.0,50.8,,425.0
1576,2019-04-27,12.0,7.4,18.6,11.0,0.0,,,,,398.0
1577,2019-04-28,9.5,6.6,13.6,0.8,0.0,,,,,244.0
1578,2019-04-29,8.5,5.9,10.3,1.4,0.0,,,,,0.0
1579,2019-04-30,11.0,2.3,17.5,0.0,0.0,309.6,12.6,36.4,,781.0
1580,2019-05-01,13.3,8.5,18.8,0.0,,307.1,14.0,37.8,,625.0
1581,2019-05-02,10.9,5.9,16.0,0.6,,,14.8,,,609.0
1582,2019-05-03,8.2,6.0,11.0,1.2,,,,41.4,,289.0
1583,2019-05-04,5.8,2.8,10.6,0.0,,,,,,290.0
1584,2019-05-05,6.7,1.9,11.1,0.0,,,,,,503.0
1585,2019-05-06,6.7,0.4,11.7,0.2,,,,,,217.0
1586,2019-05-07,7.9,4.6,11.5,0.0,,,,,,282.0
1587,2019-05-08,10.0,1.3,15.9,0.6,,147.9,11.2,45.4,,196.0
1588,2019-05-09,13.3,9.5,18.8,0.0,,222.9,8.6,32.0,,314.0
1589,2019-05-10,11.6,5.5,16.1,1.2,,265.8,9.0,39.2,,121.0
1590,2019-05-11,7.7,5.0,9.4,15.6,,235.0,6.5,30.2,,0.0
1591,2019-05-12,8.9,4.5,15.0,0.0,,305.0,14.8,38.5,,633.0
1592,2019-05-13,9.4,3.1,15.6,0.0,,307.9,11.2,36.0,,745.0
1593,2019-05-14,9.2,2.7,14.0,0.0,,186.7,9.0,33.5,,491.0
1594,2019-05-15,8.6,0.6,13.6,0.6,,160.8,7.9,28.1,,304.0
1595,2019-05-16,7.7,5.8,8.8,10.6,,260.0,6.8,23.4,,0.0
1596,2019-05-17,10.6,6.3,16.8,0.0,,118.8,7.6,27.7,,135.0
1597,2019-05-18,13.1,3.8,20.2,0.0,,165.0,6.1,27.7,,873.0
1598,2019-05-19,16.5,7.3,24.0,0.0,,179.6,6.5,26.3,,798.0
1599,2019-05-20,16.1,10.6,23.1,27.0,,294.6,8.3,32.8,,409.0
1600,2019-05-21,15.6,13.0,21.3,0.0,,257.5,12.6,46.1,,117.0
1601,2019-05-22,11.9,7.3,14.7,0.0,,297.9,20.5,51.5,,211.0
1602,2019-05-23,13.7,5.3,20.0,0.0,,215.0,5.0,24.8,,864.0
1603,2019-05-24,16.6,7.9,22.4,0.0,,275.8,7.6,34.6,,630.0
1604,2019-05-25,12.2,7.3,16.5,0.0,,304.2,9.4,28.1,,288.0
1605,2019-05-26,16.4,6.4,22.5,0.0,,249.6,10.4,38.2,,533.0
1606,2019-05-27,16.6,12.4,18.9,2.8,,242.1,6.5,30.2,,35.0
1607,2019-05-28,13.1,10.0,17.1,11.1,,304.2,5.8,31.0,,161.0
1608,2019-05-29,11.6,6.4,16.9,0.0,,260.8,7.9,27.0,,641.0
1609,2019-05-30,15.6,5.2,21.6,0.0,,198.8,9.4,43.9,,531.0
1610,2019-05-31,18.7,14.1,23.6,0.0,,270.8,5.8,25.2,,327.0
1611,2019-06-01,20.0,12.5,26.5,0.0,,255.0,4.7,23.8,,725.0
1612,2019-06-02,23.1,12.9,30.1,0.0,,170.0,7.2,29.9,,929.0
1613,2019-06-03,22.3,14.5,31.7,2.8,,200.8,7.2,55.8,,625.0
1614,2019-06-04,22.1,13.1,29.2,0.0,,184.2,6.5,26.3,,825.0
1615,2019-06-05,25.9,16.0,32.6,0.0,,120.8,9.4,32.4,,853.0
1616,2019-06-06,18.0,12.6,22.4,0.5,,239.6,12.2,44.3,,211.0
1617,2019-06-07,17.8,10.9,23.7,2.8,,170.0,9.4,37.4,,566.0
1618,2019-06-08,16.3,13.0,19.9,0.0,,217.1,14.0,56.2,,610.0
1619,2019-06-09,18.5,10.0,24.4,0.6,,155.0,6.8,33.8,,696.0
1620,2019-06-10,20.2,14.1,27.9,0.0,,202.9,5.8,29.2,,251.0
1621,2019-06-11,19.5,15.2,23.3,18.0,,286.7,9.0,38.5,,265.0
1622,2019-06-12,17.4,12.9,22.7,10.5,,290.0,5.8,41.4,,182.0
1623,2019-06-13,18.3,12.6,24.8,1.3,,189.2,7.2,44.6,,509.0
1624,2019-06-14,21.2,10.1,28.4,0.1,,146.3,8.3,33.8,,546.0
1625,2019-06-15,21.4,14.4,28.2,0.0,,252.1,9.4,37.1,,586.0
1626,2019-06-16,17.0,12.2,21.3,0.0,,198.3,4.7,23.8,,18.0
1627,2019-06-17,20.5,12.6,26.2,0.0,,167.5,6.1,24.8,,914.0
1628,2019-06-18,22.3,12.9,29.0,0.0,,150.0,7.6,31.0,,723.0
1629,2019-06-19,23.5,14.4,32.0,0.9,,225.8,7.6,45.7,,745.0
1630,2019-06-20,19.9,14.8,25.9,2.7,,252.1,6.8,33.1,,245.0
1631,2019-06-21,18.5,12.6,23.2,0.0,,290.8,7.2,28.4,,547.0
1632,2019-06-22,19.3,12.1,26.1,0.0,,180.4,7.6,30.2,,443.0
1633,2019-06-23,21.0,12.4,28.0,0.0,,143.3,7.9,33.5,,939.0
1634,2019-06-24,22.3,12.6,29.3,0.0,,130.4,9.0,40.7,,940.0
1635,2019-06-25,25.5,14.1,33.6,0.0,,159.2,7.9,37.4,,922.0
1636,2019-06-26,27.5,17.1,34.2,0.0,,262.5,13.0,41.8,,898.0
1637,2019-06-27,18.1,13.1,23.6,0.0,,305.4,16.2,42.8,,870.0
1638,2019-06-28,17.5,12.7,23.7,0.0,,317.9,7.6,24.5,,621.0
1639,2019-06-29,22.6,10.4,32.1,0.0,,170.8,5.4,23.4,,957.0
1640,2019-06-30,27.9,15.0,37.5,0.0,,249.6,10.1,35.3,,897.0
1641,2019-07-01,21.9,14.3,27.6,0.8,,288.8,11.5,42.5,,607.0
1642,2019-07-02,17.2,12.9,21.6,0.0,,300.4,13.7,51.1,,705.0
1643,2019-07-03,15.7,10.0,21.7,0.0,,302.9,10.8,37.8,,826.0
1644,2019-07-04,16.5,8.2,23.1,0.0,,297.9,7.6,29.2,,782.0
1645,2019-07-05,19.9,14.1,25.3,0.0,,290.4,11.5,43.6,,332.0
1646,2019-07-06,19.0,12.7,26.3,1.7,,283.3,11.5,41.0,,447.0
1647,2019-07-07,14.6,11.3,18.6,0.0,,291.3,13.7,44.6,,247.0
1648,2019-07-08,14.0,9.3,18.3,0.0,,290.4,13.0,42.8,,154.0
1649,2019-07-09,13.8,10.8,17.8,0.5,,292.1,12.6,39.6,,81.0
1650,2019-07-10,16.2,10.0,21.8,0.0,,299.6,9.4,28.1,,368.0
1651,2019-07-11,17.6,14.7,21.7,1.3,,265.8,5.4,24.5,,14.0
1652,2019-07-12,18.7,14.6,26.0,0.0,,281.7,7.9,46.8,,348.0
1653,2019-07-13,17.3,14.7,22.9,0.4,,300.8,16.2,42.5,,212.0
1654,2019-07-14,15.6,13.7,18.0,0.0,,307.1,10.8,28.8,,0.0
1655,2019-07-15,15.0,12.6,18.1,0.0,,295.8,11.5,36.4,,62.0
1656,2019-07-16,15.2,11.2,19.2,0.0,,294.2,14.4,42.8,,130.0
1657,2019-07-17,17.6,11.1,24.9,0.0,,306.3,5.8,23.8,,519.0
1658,2019-07-18,20.1,10.4,27.5,0.1,,194.2,5.4,27.7,,578.0
1659,2019-07-19,20.2,15.2,25.7,0.9,,272.1,5.8,24.8,,175.0
1660,2019-07-20,22.0,13.2,31.1,7.6,,191.7,8.3,60.1,,591.0
1661,2019-07-21,21.1,16.4,26.5,0.0,,277.5,9.7,36.4,,655.0
1662,2019-07-22,21.5,13.1,28.0,0.0,,255.4,6.5,29.2,,333.0
1663,2019-07-23,25.3,15.5,33.4,0.0,,257.1,5.0,23.4,,904.0
1664,2019-07-24,27.2,16.4,35.8,0.0,,138.8,6.8,32.4,,892.0
1665,2019-07-25,28.3,17.3,37.8,0.0,,121.7,6.5,27.7,,805.0
1666,2019-07-26,25.6,17.8,32.3,0.0,,96.7,8.6,38.2,,867.0
1667,2019-07-27,23.3,15.5,30.2,0.0,,134.2,9.7,41.4,,775.0
1668,2019-07-28,23.7,14.9,31.3,0.0,,181.7,7.6,29.9,,640.0
1669,2019-07-29,21.9,19.9,24.2,0.0,,302.1,15.1,38.2,,203.0
1670,2019-07-30,23.9,18.5,29.6,0.4,,284.2,7.9,29.5,,456.0
1671,2019-07-31,19.6,16.5,23.3,3.9,,213.8,6.1,39.2,,150.0
1672,2019-08-01,19.7,13.1,24.9,0.0,,273.8,5.4,26.6,,390.0
1673,2019-08-02,19.2,15.6,25.3,1.4,,247.9,6.1,27.4,,120.0
1674,2019-08-03,19.1,13.6,25.0,7.5,,288.8,7.6,36.4,,300.0
1675,2019-08-04,19.1,13.8,24.9,0.0,,288.3,6.5,27.4,,390.0
1676,2019-08-05,20.1,13.5,27.4,0.9,,186.7,6.1,34.6,,120.0
1677,2019-08-06,22.1,15.6,27.9,0.0,,250.4,7.9,38.9,,270.0
1678,2019-08-07,21.1,17.3,25.5,0.0,,244.6,8.3,33.1,,94.0
1679,2019-08-08,21.4,15.9,27.1,0.0,,253.8,11.9,42.5,,726.0
1680,2019-08-09,22.2,13.6,29.8,1.7,,198.8,6.1,28.8,,384.0
1681,2019-08-10,22.7,19.0,25.8,0.0,,240.0,13.3,46.4,,205.0
1682,2019-08-11,22.2,15.0,28.6,4.3,,219.6,9.4,46.4,,508.0
1683,2019-08-12,19.2,14.3,24.9,0.0,,232.5,7.9,33.5,,525.0
1684,2019-08-13,17.1,12.6,21.9,0.7,,259.2,11.5,41.0,,551.0
1685,2019-08-14,16.8,11.2,22.4,0.1,,261.3,6.8,31.0,,500.0
1686,2019-08-15,17.7,12.2,22.3,3.8,,195.8,9.4,34.9,,95.0
1687,2019-08-16,18.0,13.2,23.2,0.0,,255.0,7.6,36.0,,447.0
1688,2019-08-17,20.3,14.0,26.4,1.7,,190.8,10.4,37.1,,153.0
1689,2019-08-18,20.2,16.0,29.0,15.3,,221.7,8.6,73.1,,226.0
1690,2019-08-19,18.5,12.9,24.1,0.0,,254.6,8.3,39.2,,587.0
1691,2019-08-20,18.0,12.4,23.3,0.0,,274.2,5.4,25.2,,336.0
1692,2019-08-21,17.3,11.2,23.6,0.0,,237.5,6.8,25.6,,735.0
1693,2019-08-22,18.9,8.9,27.7,0.0,,175.8,5.0,29.5,,793.0
1694,2019-08-23,20.7,11.0,29.3,0.0,,125.0,4.3,23.8,,798.0
1695,2019-08-24,21.3,11.2,29.5,0.0,,143.8,6.1,29.9,,779.0
1696,2019-08-25,24.2,14.8,33.4,0.0,,167.9,5.8,26.6,,612.0
1697,2019-08-26,25.0,16.1,32.7,0.0,,117.5,5.8,31.3,,754.0
1698,2019-08-27,23.1,16.7,32.1,0.0,,192.9,5.8,37.1,,397.0
1699,2019-08-28,24.5,16.7,33.8,0.1,,178.3,6.1,45.0,,514.0
1700,2019-08-29,22.8,17.0,29.7,0.0,,248.3,6.8,39.6,,390.0
1701,2019-08-30,23.2,18.1,29.3,0.0,,205.0,5.0,19.1,,319.0
1702,2019-08-31,25.3,15.9,33.7,0.0,,188.8,6.5,37.8,,734.0
1703,2019-09-01,20.0,13.8,25.2,0.0,,278.8,12.2,51.5,,263.0
1704,2019-09-02,15.5,9.5,20.9,0.0,,293.8,9.0,33.8,,575.0
1705,2019-09-03,16.1,9.2,22.9,0.0,,241.3,8.6,36.7,,163.0
1706,2019-09-04,19.3,11.9,26.3,0.3,,176.3,8.6,48.2,,686.0
1707,2019-09-05,15.9,9.8,21.1,0.0,,279.6,13.3,47.5,,445.0
1708,2019-09-06,14.1,7.3,21.1,0.0,,230.4,5.4,25.6,,737.0
1709,2019-09-07,14.4,10.0,19.1,0.0,,236.7,5.0,24.5,,93.0
1710,2019-09-08,14.6,7.5,19.5,8.0,,214.6,5.0,25.6,,322.0
1711,2019-09-09,12.5,10.9,13.7,11.2,,288.8,9.4,31.0,,0.0
1712,2019-09-10,13.7,8.2,19.0,0.0,,276.7,8.6,32.0,,479.0
1713,2019-09-11,15.7,6.0,23.1,0.0,,224.2,7.6,37.1,,616.0
1714,2019-09-12,18.7,14.7,24.5,0.0,,247.5,10.8,32.8,,427.0
1715,2019-09-13,18.0,9.7,22.6,0.0,,273.3,11.9,41.8,,160.0
1716,2019-09-14,13.1,6.6,19.5,0.0,,179.2,4.3,16.2,,654.0
1717,2019-09-15,17.6,7.6,26.0,1.2,,267.5,9.4,36.0,,641.0
1718,2019-09-16,12.2,9.8,13.4,5.0,,303.3,5.8,27.4,,0.0
1719,2019-09-17,12.1,8.7,16.7,0.7,,278.8,14.8,56.5,,351.0
1720,2019-09-18,11.1,7.2,15.7,0.6,,295.8,14.4,42.1,,405.0
1721,2019-09-19,10.3,5.9,16.3,0.0,,296.3,9.7,33.5,,347.0
1722,2019-09-20,10.9,4.4,17.8,0.0,,266.7,4.3,20.2,,549.0
1723,2019-09-21,13.8,4.9,23.4,0.0,,117.9,5.0,23.4,,711.0
1724,2019-09-22,15.6,5.5,25.3,0.0,,121.3,6.8,31.7,,702.0
1725,2019-09-23,13.4,6.7,18.5,0.7,,282.5,7.6,32.8,,111.0
1726,2019-09-24,16.7,12.0,22.1,0.5,,176.3,4.3,21.2,,226.0
1727,2019-09-25,15.0,13.3,18.6,2.6,,203.8,5.4,27.7,,80.0
1728,2019-09-26,16.5,12.4,21.2,3.9,,220.4,7.6,31.3,,226.0
1729,2019-09-27,15.8,13.8,18.3,6.3,,240.0,7.6,31.3,,134.0
1730,2019-09-28,15.9,12.9,19.3,0.2,,235.8,13.7,47.5,,317.0
1731,2019-09-29,16.1,13.5,19.2,3.3,,219.6,13.0,52.6,,111.0
1732,2019-09-30,15.1,12.3,18.5,0.3,,262.9,19.4,74.5,,253.0
1733,2019-10-01,15.6,12.1,19.1,5.7,0.0,232.9,12.2,51.5,,141.0
1734,2019-10-02,10.4,7.5,15.8,0.9,0.0,277.5,12.2,42.5,,278.0
1735,2019-10-03,10.4,7.9,14.0,2.9,0.0,285.4,12.2,41.8,,144.0
1736,2019-10-04,9.1,7.6,11.6,20.0,0.0,144.6,7.9,31.3,,0.0
1737,2019-10-05,8.2,3.9,12.3,0.0,0.0,225.0,7.9,31.3,,80.0
1738,2019-10-06,5.9,2.3,8.8,0.0,0.0,141.7,7.9,33.8,,15.0
1739,2019-10-07,6.2,-0.7,12.3,0.9,0.0,169.2,6.1,25.2,,553.0
1740,2019-10-08,12.3,7.8,14.5,2.0,0.0,227.9,9.7,41.4,,0.0
1741,2019-10-09,12.6,10.8,15.4,0.7,0.0,233.8,10.8,41.8,,219.0
1742,2019-10-10,11.5,9.4,14.2,0.0,0.0,245.8,12.2,37.1,,324.0
1743,2019-10-11,13.7,10.1,16.3,0.0,0.0,221.3,13.0,51.5,,10.0
1744,2019-10-12,17.4,11.8,21.3,0.0,0.0,246.3,8.6,44.3,,537.0
1745,2019-10-13,21.0,16.5,25.5,0.0,0.0,215.8,10.8,41.8,,533.0
1746,2019-10-14,19.1,12.7,24.8,0.0,0.0,162.5,8.3,28.8,,514.0
1747,2019-10-15,16.8,10.7,24.5,1.3,0.0,129.6,4.3,21.6,,402.0
1748,2019-10-16,13.6,11.2,15.6,,0.0,250.8,10.1,34.2,,125.0
1749,2019-10-17,15.5,13.4,18.3,2.2,0.0,209.2,9.0,39.6,,225.0
1750,2019-10-18,13.7,8.0,19.3,1.2,0.0,192.1,7.6,54.4,,195.0
1751,2019-10-19,13.2,9.7,17.0,0.0,0.0,147.9,10.1,34.9,,102.0
1752,2019-10-20,14.7,12.5,17.9,0.4,0.0,170.4,5.8,20.9,,18.0
1753,2019-10-21,15.2,9.4,20.3,0.0,0.0,209.6,4.7,25.9,,46.0
1754,2019-10-22,13.2,8.1,17.7,0.0,0.0,240.8,5.0,20.5,,345.0
1755,2019-10-23,12.1,7.3,16.5,0.0,0.0,114.6,7.6,26.3,,493.0
1756,2019-10-24,13.1,9.2,17.6,0.0,0.0,169.6,5.8,26.3,,372.0
1757,2019-10-25,15.2,12.7,17.7,0.0,0.0,235.8,9.7,37.4,,429.0
1758,2019-10-26,16.0,13.0,20.5,0.0,0.0,219.2,12.6,46.8,,417.0
1759,2019-10-27,11.4,5.6,17.5,0.6,0.0,259.2,13.3,49.3,,0.0
1760,2019-10-28,8.0,4.7,11.9,0.0,0.0,280.8,8.6,30.2,,392.0
1761,2019-10-29,6.3,3.0,9.8,0.0,0.0,274.2,5.8,21.6,,361.0
1762,2019-10-30,2.7,-2.3,8.1,0.0,0.0,217.9,4.0,19.1,,444.0
1763,2019-10-31,-0.6,-5.3,6.3,0.0,0.0,158.3,3.6,20.9,,301.0
1764,2019-11-01,2.7,-4.9,8.0,0.4,0.0,150.8,6.1,38.2,,212.0
1765,2019-11-02,12.7,8.0,18.3,0.7,0.0,167.5,10.1,41.8,,150.0
1766,2019-11-03,12.0,10.0,16.4,6.4,0.0,146.7,7.9,31.7,,158.0
1767,2019-11-04,11.3,9.9,13.6,0.0,0.0,207.9,7.6,32.4,,98.0
1768,2019-11-05,9.7,5.6,12.1,0.3,0.0,241.7,9.0,26.3,,38.0
1769,2019-11-06,7.3,4.3,9.5,3.3,0.0,243.8,5.8,25.6,,0.0
1770,2019-11-07,8.8,5.9,11.7,0.0,0.0,159.6,7.9,37.4,,134.0
1771,2019-11-08,6.6,4.3,8.2,4.5,0.0,212.9,5.0,18.0,,0.0
1772,2019-11-09,6.1,0.9,9.2,0.0,0.0,264.6,9.4,25.6,,102.0
1773,2019-11-10,3.0,-1.2,10.0,0.1,0.0,218.3,3.2,14.0,,228.0
1774,2019-11-11,3.3,-0.7,7.2,0.0,0.0,177.5,8.3,41.0,,462.0
1775,2019-11-12,5.9,4.0,9.0,0.0,0.0,195.0,11.5,35.3,,128.0
1776,2019-11-13,5.2,3.6,7.1,0.0,0.0,211.7,8.6,34.6,,170.0
1777,2019-11-14,4.5,1.5,8.8,0.0,0.0,132.9,8.3,30.6,,424.0
1778,2019-11-15,4.7,2.3,7.7,6.8,0.0,125.0,7.9,25.9,,0.0
1779,2019-11-16,4.8,0.5,7.5,0.0,0.0,260.4,9.0,34.2,,115.0
1780,2019-11-17,2.0,-0.6,4.5,1.7,0.0,250.8,4.7,12.6,,0.0
1781,2019-11-18,5.4,4.2,7.0,2.4,0.0,226.7,6.8,51.1,,0.0
1782,2019-11-19,5.3,3.0,8.4,0.0,0.0,234.6,10.1,47.9,,397.0
1783,2019-11-20,3.9,1.8,6.7,0.7,0.0,192.1,3.2,13.0,,127.0
1784,2019-11-21,4.7,3.5,5.8,0.5,0.0,206.7,3.2,14.0,,0.0
1785,2019-11-22,4.0,0.4,9.6,0.0,0.0,105.8,5.8,31.3,,289.0
1786,2019-11-23,3.0,-0.7,7.5,0.0,0.0,105.8,5.0,19.1,,0.0
1787,2019-11-24,2.8,-0.8,4.6,0.0,0.0,122.1,4.7,19.8,,0.0
1788,2019-11-25,3.3,2.2,4.4,0.0,0.0,88.3,6.1,18.4,,0.0
1789,2019-11-26,6.7,2.0,10.1,0.0,0.0,207.5,6.8,33.5,,113.0
1790,2019-11-27,8.4,5.4,11.1,0.1,0.0,140.0,11.2,38.2,,0.0
1791,2019-11-28,10.7,8.6,13.3,0.6,0.0,222.5,15.5,47.2,,165.0
1792,2019-11-29,4.9,0.2,9.0,1.0,0.0,278.3,14.8,48.2,,121.0
1793,2019-11-30,2.4,-2.0,6.2,0.0,0.0,281.7,6.5,26.6,,258.0
1794,2019-12-01,-0.3,-3.1,3.5,0.0,0.0,227.9,2.5,11.2,,108.0
1795,2019-12-02,3.5,0.5,7.0,0.0,0.0,287.9,12.2,39.6,,136.0
1796,2019-12-03,4.6,1.7,7.0,0.1,0.0,250.0,6.8,24.5,,33.0
1797,2019-12-04,3.9,-2.1,8.4,0.0,0.0,183.3,5.0,24.5,,429.0
1798,2019-12-05,2.3,-2.9,8.0,0.0,0.0,219.6,7.6,31.0,,431.0
1799,2019-12-06,4.4,1.8,7.2,0.0,0.0,240.8,16.2,60.8,,22.0
1800,2019-12-07,8.4,6.6,10.5,0.5,0.0,249.2,15.5,42.8,,102.0
1801,2019-12-08,9.1,6.4,11.4,0.8,0.0,238.8,15.8,64.1,,2.0
1802,2019-12-09,6.9,4.1,9.4,0.7,0.0,250.4,15.1,45.7,,164.0
1803,2019-12-10,4.0,2.5,6.9,0.1,0.0,246.7,14.0,42.5,,336.0
1804,2019-12-11,3.8,0.8,5.4,3.6,0.0,201.3,8.6,58.7,,0.0
1805,2019-12-12,3.1,0.8,5.0,0.0,0.0,194.6,8.3,27.7,,43.0
1806,2019-12-13,1.6,-0.2,3.4,1.0,0.0,132.9,11.2,36.0,,120.0
1807,2019-12-14,4.8,3.2,6.5,1.1,0.0,237.1,13.7,56.5,,33.0
1808,2019-12-15,6.9,3.7,9.5,0.8,0.0,226.3,13.0,42.5,,296.0
1809,2019-12-16,7.9,4.2,11.3,0.0,0.0,186.3,9.7,34.9,,47.0
1810,2019-12-17,11.9,5.4,16.2,0.1,0.0,160.8,7.6,47.5,,218.0
1811,2019-12-18,8.2,1.3,14.9,0.0,0.0,191.3,7.2,65.2,,127.0
1812,2019-12-19,3.5,0.0,8.0,0.0,0.0,127.5,4.3,21.2,,195.0
1813,2019-12-20,7.5,1.0,13.9,0.0,0.0,123.8,6.8,35.6,,276.0
1814,2019-12-21,7.4,3.0,10.6,0.0,0.0,206.3,9.0,34.9,,303.0
1815,2019-12-22,6.2,1.5,8.9,1.5,0.0,134.2,7.2,34.9,,0.0
1816,2019-12-23,7.0,5.6,8.7,0.7,0.0,260.8,11.9,37.1,,115.0
1817,2019-12-24,6.2,4.4,8.1,2.8,0.0,221.3,8.3,33.1,,26.0
1818,2019-12-25,6.0,4.6,7.8,2.2,0.0,297.1,11.9,31.7,,0.0
1819,2019-12-26,4.3,2.5,7.2,0.0,0.0,266.7,5.8,20.9,,110.0
1820,2019-12-27,1.7,-0.6,3.8,0.5,0.0,266.3,4.3,19.4,,0.0
1821,2019-12-28,-0.1,-3.1,1.3,0.0,0.0,207.5,4.0,14.0,,0.0
1822,2019-12-29,0.1,-5.1,7.5,0.0,0.0,172.1,4.0,24.1,,371.0
1823,2019-12-30,9.9,6.7,13.2,0.0,0.0,258.3,15.8,44.3,,270.0
1824,2019-12-31,5.6,0.7,9.3,0.0,0.0,292.5,14.4,44.6,,102.0
1825,2020-01-01,-0.1,-4.0,5.6,0.0,0.0,211.3,3.2,9.7,,409.0
1826,2020-01-02,2.3,-4.4,10.1,0.0,0.0,210.4,7.2,37.4,,423.0
1827,2020-01-03,6.4,4.3,9.2,0.2,0.0,222.1,13.7,59.0,,38.0
1828,2020-01-04,4.8,1.6,7.1,3.3,0.0,280.4,19.1,63.7,,0.0
1829,2020-01-05,3.6,0.2,5.5,0.0,0.0,261.3,7.9,33.8,,18.0
1830,2020-01-06,4.4,1.0,5.3,0.0,0.0,212.9,7.9,37.4,,0.0
1831,2020-01-07,5.1,2.1,7.9,0.0,0.0,242.5,9.0,47.9,,105.0
1832,2020-01-08,7.9,5.8,9.4,6.9,0.0,242.1,16.9,50.0,,0.0
1833,2020-01-09,10.0,7.8,12.4,8.7,0.0,199.2,9.0,37.4,,0.0
1834,2020-01-10,8.9,4.2,11.9,1.1,0.0,253.8,14.8,56.9,,6.0
1835,2020-01-11,4.8,2.8,7.1,0.0,0.0,259.2,12.2,36.0,,388.0
1836,2020-01-12,4.3,2.8,6.5,0.0,0.0,241.3,14.8,51.5,,184.0
1837,2020-01-13,6.3,4.7,8.0,0.0,0.0,221.7,10.1,44.6,,234.0
1838,2020-01-14,9.4,5.8,11.9,0.0,0.0,206.7,15.5,64.8,,71.0
1839,2020-01-15,11.7,9.9,14.3,0.0,0.0,210.0,15.5,48.2,,365.0
1840,2020-01-16,7.7,2.7,13.1,0.0,0.0,179.2,6.8,32.8,,426.0
1841,2020-01-17,6.9,0.3,12.2,0.4,0.0,179.6,6.5,35.6,,452.0
1842,2020-01-18,5.0,1.4,7.6,0.0,0.0,255.8,9.7,35.6,,32.0
1843,2020-01-19,3.1,1.5,4.8,0.3,0.0,292.9,9.7,29.5,,16.0
1844,2020-01-20,1.9,-2.2,6.0,0.0,0.0,257.1,5.0,18.7,,135.0
1845,2020-01-21,1.1,-3.7,6.9,0.0,0.0,247.9,4.3,23.8,,468.0
1846,2020-01-22,2.1,-3.4,5.2,0.0,0.0,289.2,9.4,35.3,,0.0
1847,2020-01-23,2.7,-2.7,6.7,0.0,0.0,208.3,4.0,15.1,,233.0
1848,2020-01-24,-1.0,-5.0,3.4,0.0,0.0,206.7,4.0,17.3,,431.0
1849,2020-01-25,-0.3,-1.8,1.4,0.0,0.0,191.3,4.3,18.0,,4.0
1850,2020-01-26,0.9,-2.2,5.1,0.0,0.0,159.2,5.4,35.6,,0.0
1851,2020-01-27,6.5,2.5,8.4,0.2,0.0,217.5,11.2,37.8,,0.0
1852,2020-01-28,5.4,2.4,7.4,0.6,0.0,221.3,15.5,45.0,,11.0
1853,2020-01-29,4.2,3.1,6.8,0.1,0.0,252.9,16.6,47.9,,209.0
1854,2020-01-30,6.8,3.8,9.2,0.0,0.0,247.1,16.2,49.3,,69.0
1855,2020-01-31,12.1,9.1,13.6,0.0,0.0,261.7,19.8,54.7,,184.0
1856,2020-02-01,11.5,8.3,12.7,0.6,0.0,248.8,14.8,44.6,,0.0
1857,2020-02-02,7.4,5.3,9.4,12.7,0.0,215.8,11.5,49.3,,0.0
1858,2020-02-03,8.6,5.4,11.1,6.0,0.0,272.9,11.9,48.2,,69.0
1859,2020-02-04,4.6,2.9,6.6,0.8,0.0,288.8,19.1,55.4,,162.0
1860,2020-02-05,2.3,-0.5,4.5,0.0,0.0,295.4,14.4,46.8,,297.0
1861,2020-02-06,4.1,1.0,6.3,0.0,0.0,288.3,11.5,32.0,,18.0
1862,2020-02-07,4.7,2.7,5.9,0.0,0.0,194.6,8.6,34.2,,0.0
1863,2020-02-08,5.9,-0.6,10.5,0.0,0.0,195.0,10.1,41.4,,360.0
1864,2020-02-09,10.2,6.4,13.6,6.9,0.0,204.6,17.6,81.4,,111.0
1865,2020-02-10,7.4,3.2,13.5,4.6,0.0,248.8,23.0,86.8,,220.0
1866,2020-02-11,4.3,1.2,6.8,0.0,0.0,260.4,23.4,68.0,,262.0
1867,2020-02-12,4.3,2.7,6.7,0.0,0.0,257.5,21.2,65.9,,452.0
1868,2020-02-13,3.5,1.5,5.7,2.5,0.0,190.4,11.5,40.3,,24.0
1869,2020-02-14,6.2,3.7,8.5,0.1,0.0,265.4,10.8,34.2,,62.0
1870,2020-02-15,7.5,1.5,12.7,0.0,0.0,205.4,9.0,60.1,,153.0
1871,2020-02-16,13.9,9.2,17.6,0.1,0.0,207.9,19.8,86.8,,216.0
1872,2020-02-17,8.8,6.0,10.9,0.2,0.0,245.4,15.1,50.0,,122.0
1873,2020-02-18,6.7,3.9,9.2,0.6,0.0,252.9,16.2,50.8,,333.0
1874,2020-02-19,5.5,2.7,7.2,0.9,0.0,250.4,16.6,54.7,,227.0
1875,2020-02-20,5.9,1.7,8.5,1.9,0.0,217.5,10.1,48.6,,11.0
1876,2020-02-21,6.2,3.7,8.2,0.0,0.0,260.8,18.7,64.4,,225.0
1877,2020-02-22,8.7,5.8,13.1,1.8,0.0,251.7,18.7,62.6,,114.0
1878,2020-02-23,8.2,3.9,13.1,5.6,0.0,259.2,19.4,86.4,,0.0
1879,2020-02-24,5.9,3.9,10.6,0.2,0.0,230.8,14.4,46.1,,43.0
1880,2020-02-25,8.7,3.1,10.8,0.3,0.0,251.3,15.1,52.6,,317.0
1881,2020-02-26,3.7,1.4,6.2,0.2,0.0,260.0,13.3,49.7,,193.0
1882,2020-02-27,3.5,0.7,5.7,0.7,0.0,225.4,8.6,33.5,,119.0
1883,2020-02-28,4.2,1.3,7.5,1.3,0.0,257.5,15.8,48.2,,398.0
1884,2020-02-29,7.4,2.2,12.7,0.8,0.0,197.5,14.0,60.5,,90.0
1885,2020-03-01,7.5,5.3,10.6,1.0,0.0,211.7,13.0,46.4,,229.0
1886,2020-03-02,6.9,3.8,10.1,1.1,0.0,169.2,11.2,36.7,,491.0
1887,2020-03-03,5.1,2.3,8.3,1.0,0.0,279.6,11.5,49.0,,182.0
1888,2020-03-04,4.1,0.5,7.2,0.0,0.0,236.3,9.0,29.9,,149.0
1889,2020-03-05,5.5,0.9,9.5,0.7,0.0,143.3,10.4,35.6,,151.0
1890,2020-03-06,5.5,2.8,9.1,8.9,0.0,187.1,11.9,37.8,,12.0
1891,2020-03-07,4.7,3.5,6.8,0.0,0.0,284.2,17.3,48.6,,72.0
1892,2020-03-08,7.8,2.6,11.5,0.0,0.0,219.2,10.4,38.9,,202.0
1893,2020-03-09,8.3,4.8,11.6,0.0,0.0,234.2,9.0,43.9,,98.0
1894,2020-03-10,7.9,3.9,13.1,3.2,0.0,218.3,15.5,53.3,,19.0
1895,2020-03-11,11.0,8.0,13.0,0.0,0.0,265.0,14.0,64.1,,84.0
1896,2020-03-12,10.4,4.9,13.7,0.4,0.0,253.8,20.5,68.0,,458.0
1897,2020-03-13,6.1,3.8,9.5,1.1,0.0,258.8,18.0,71.3,,459.0
1898,2020-03-14,4.3,-1.4,8.8,0.0,0.0,167.9,9.4,33.1,,643.0
1899,2020-03-15,8.6,3.6,14.0,0.0,0.0,173.3,13.0,46.4,,664.0
1900,2020-03-16,9.6,1.8,17.1,0.1,0.0,221.7,5.8,25.2,,653.0
1901,2020-03-17,9.5,3.8,16.0,1.4,0.0,265.4,5.4,25.6,,427.0
1902,2020-03-18,11.4,4.0,18.5,0.0,0.0,226.3,7.9,30.6,,626.0
1903,2020-03-19,10.9,5.6,17.0,0.0,0.0,243.3,6.1,22.3,,303.0
1904,2020-03-20,6.3,4.6,8.0,0.6,0.0,243.8,5.4,22.7,,0.0
1905,2020-03-21,3.2,-2.0,5.8,0.0,0.0,109.2,10.4,39.6,,183.0
1906,2020-03-22,0.9,-4.8,6.1,0.0,0.0,120.8,9.7,38.2,,718.0
1907,2020-03-23,0.7,-5.4,6.0,0.0,0.0,110.4,10.1,33.5,,713.0
1908,2020-03-24,1.4,-5.3,7.4,0.0,0.0,100.8,9.0,33.8,,716.0
1909,2020-03-25,2.0,-5.1,8.9,0.0,0.0,92.1,9.4,35.6,,719.0
1910,2020-03-26,3.2,-5.8,10.6,0.0,0.0,136.7,9.4,41.0,,695.0
1911,2020-03-27,6.8,-2.5,16.7,0.0,0.0,190.0,7.6,33.8,,660.0
1912,2020-03-28,6.8,-1.1,13.9,0.0,0.0,307.5,9.4,30.2,,696.0
1913,2020-03-29,2.7,-3.0,5.0,1.7,0.0,,14.4,40.0,,8.0
1914,2020-03-30,0.3,-5.5,4.9,1.0,0.0,257.5,7.2,35.6,,185.0
1915,2020-03-31,1.4,-3.1,5.8,0.0,0.0,155.0,5.0,25.2,,492.0
1916,2020-04-01,3.9,-3.2,10.2,0.0,0.0,282.1,7.9,31.0,,749.0
1917,2020-04-02,5.7,-1.1,11.3,0.1,0.0,277.1,10.1,33.8,,439.0
1918,2020-04-03,7.2,4.8,11.1,0.0,0.0,273.8,11.5,46.4,,279.0
1919,2020-04-04,7.1,1.2,12.6,0.0,0.0,178.3,6.1,21.2,,545.0
1920,2020-04-05,8.6,-1.0,16.8,0.0,0.0,128.8,11.2,42.8,,742.0
1921,2020-04-06,14.1,2.1,23.3,0.0,0.0,145.4,7.9,28.4,,768.0
1922,2020-04-07,13.6,6.2,18.9,0.0,0.0,221.3,7.9,25.9,,523.0
1923,2020-04-08,13.1,3.7,22.1,0.0,0.0,124.6,6.8,31.0,,744.0
1924,2020-04-09,13.5,6.1,18.8,0.0,0.0,305.8,9.0,28.1,,685.0
1925,2020-04-10,9.4,2.5,15.6,0.0,0.0,303.3,7.2,29.5,,646.0
1926,2020-04-11,9.1,-0.3,16.1,0.0,0.0,162.9,7.9,28.1,,773.0
1927,2020-04-12,14.4,2.8,24.3,0.0,0.0,221.7,7.9,44.6,,648.0
1928,2020-04-13,7.6,3.0,11.6,0.0,0.0,301.3,18.0,51.5,,301.0
1929,2020-04-14,5.0,0.3,10.4,0.0,0.0,300.8,15.1,44.3,,583.0
1930,2020-04-15,8.6,1.7,16.9,0.0,0.0,278.8,7.9,34.9,,665.0
1931,2020-04-16,11.7,1.0,20.7,0.0,0.0,258.3,5.0,20.5,,774.0
1932,2020-04-17,10.9,3.9,17.8,0.0,0.0,172.5,5.4,20.5,,774.0
1933,2020-04-18,11.3,2.4,19.0,0.0,0.0,138.3,6.5,28.8,,698.0
1934,2020-04-19,9.2,1.6,15.2,0.0,0.0,125.4,9.4,34.2,,818.0
1935,2020-04-20,8.2,-1.2,15.5,0.0,0.0,154.2,11.2,44.6,,826.0
1936,2020-04-21,9.9,0.4,17.3,0.0,0.0,141.3,13.0,46.8,,820.0
1937,2020-04-22,11.3,0.7,18.9,0.0,0.0,130.0,10.1,42.1,,827.0
1938,2020-04-23,12.0,1.3,19.7,0.0,0.0,124.2,7.9,34.9,,815.0
1939,2020-04-24,13.4,6.2,21.5,0.0,0.0,264.2,13.0,45.0,,607.0
1940,2020-04-25,9.5,3.4,14.3,0.0,0.0,300.8,14.0,43.9,,189.0
1941,2020-04-26,10.8,1.2,19.1,0.0,0.0,215.0,5.0,23.0,,750.0
1942,2020-04-27,14.2,2.5,23.0,0.0,0.0,241.7,6.5,31.7,,745.0
1943,2020-04-28,14.9,6.7,21.8,3.8,0.0,225.8,4.3,27.0,,338.0
1944,2020-04-29,12.7,8.0,17.8,2.6,0.0,262.9,6.8,36.4,,174.0
1945,2020-04-30,13.4,8.7,18.4,0.5,0.0,172.9,10.8,40.3,,165.0
1946,2020-05-01,11.3,7.5,16.3,0.5,,226.3,11.5,51.5,,317.0
1947,2020-05-02,9.8,6.9,13.5,3.5,,262.1,11.9,45.0,,101.0
1948,2020-05-03,10.2,6.4,14.1,0.6,,276.3,6.5,37.8,,141.0
1949,2020-05-04,8.9,5.6,12.4,3.3,,264.2,5.4,25.2,,142.0
1950,2020-05-05,7.5,2.4,13.5,0.1,,308.3,11.5,41.0,,648.0
1951,2020-05-06,9.8,1.8,16.2,0.0,,298.8,10.1,33.5,,866.0
1952,2020-05-07,11.2,3.2,18.9,0.0,,294.6,10.1,36.0,,702.0
1953,2020-05-08,14.4,5.9,21.4,0.0,,257.9,6.1,32.0,,663.0
1954,2020-05-09,14.8,4.8,22.7,0.0,,174.6,5.4,24.1,,760.0
1955,2020-05-10,14.9,5.9,22.6,0.6,,235.8,6.1,45.7,,217.0
1956,2020-05-11,5.9,0.0,10.8,11.2,,308.3,13.0,38.9,,87.0
1957,2020-05-12,6.3,0.1,11.5,0.0,,273.3,9.4,33.5,,352.0
1958,2020-05-13,9.3,4.1,14.3,0.6,,197.1,6.8,29.9,,220.0
1959,2020-05-14,8.0,1.3,13.2,0.7,,313.3,7.9,23.4,,204.0
1960,2020-05-15,8.7,-0.4,14.8,0.0,,303.3,9.0,40.0,,664.0
1961,2020-05-16,12.0,5.4,16.6,0.0,,285.4,9.4,35.6,,553.0
1962,2020-05-17,13.0,8.0,18.4,0.0,,297.5,9.7,32.8,,725.0
1963,2020-05-18,16.8,8.5,24.0,0.0,,269.6,9.0,32.8,,685.0
1964,2020-05-19,16.1,9.3,21.1,0.0,,301.3,10.8,40.3,,425.0
1965,2020-05-20,15.1,8.3,19.0,0.0,,311.3,6.8,20.2,,214.0
1966,2020-05-21,15.5,5.7,23.0,0.0,,137.9,5.4,24.8,,881.0
1967,2020-05-22,17.0,9.0,24.0,5.6,,155.0,6.1,38.5,,111.0
1968,2020-05-23,15.1,11.2,17.6,0.1,,260.0,10.4,34.6,,48.0
1969,2020-05-24,13.0,10.0,18.4,2.9,,258.8,13.7,48.2,,273.0
1970,2020-05-25,12.1,10.0,14.3,0.0,,301.7,16.6,46.4,,204.0
1971,2020-05-26,14.0,9.6,20.0,0.0,,287.1,6.8,27.4,,371.0
1972,2020-05-27,16.9,7.4,23.2,2.6,,308.3,6.8,32.8,,549.0
1973,2020-05-28,14.3,9.4,20.2,0.0,,326.3,9.7,32.8,,825.0
1974,2020-05-29,13.6,4.9,20.7,0.0,,158.3,6.1,31.3,,688.0
1975,2020-05-30,13.4,6.6,19.9,0.0,,165.8,8.6,37.8,,297.0
1976,2020-05-31,14.4,5.8,22.0,0.0,,217.9,7.6,31.0,,551.0
1977,2020-06-01,16.3,5.1,24.6,0.0,,170.0,7.2,27.7,,926.0
1978,2020-06-02,18.4,8.1,26.9,0.0,,158.3,5.0,21.6,,878.0
1979,2020-06-03,17.7,10.7,26.4,1.6,,182.1,5.4,37.8,,357.0
1980,2020-06-04,15.2,12.0,20.3,2.8,,181.3,6.1,29.2,,44.0
1981,2020-06-05,12.4,8.7,17.6,1.2,,254.6,11.5,43.9,,247.0
1982,2020-06-06,12.9,6.2,19.3,0.1,,213.8,12.2,45.4,,655.0
1983,2020-06-07,15.2,8.5,19.7,0.0,,230.0,10.4,39.6,,323.0
1984,2020-06-08,14.9,8.2,21.4,0.0,,212.5,4.7,21.6,,323.0
1985,2020-06-09,15.4,7.7,21.3,0.3,,251.3,5.0,25.6,,150.0
1986,2020-06-10,17.2,12.7,22.8,3.6,,170.0,8.3,35.6,,292.0
1987,2020-06-11,15.9,11.7,20.0,6.3,,196.3,5.4,20.9,,18.0
1988,2020-06-12,19.8,15.2,27.1,0.0,,112.1,7.6,31.7,,432.0
1989,2020-06-13,21.5,14.8,31.9,17.7,,175.4,7.2,50.0,,592.0
1990,2020-06-14,18.5,17.2,20.6,21.0,,260.8,5.0,19.1,,22.0
1991,2020-06-15,19.9,14.9,26.0,0.0,,310.4,7.6,29.5,,577.0
1992,2020-06-16,18.2,13.5,23.9,16.0,,265.0,4.3,22.3,,447.0
1993,2020-06-17,20.9,14.2,26.5,0.2,,176.7,6.1,26.3,,660.0
1994,2020-06-18,17.7,14.8,20.0,0.1,,292.5,8.3,30.2,,24.0
1995,2020-06-19,19.0,13.7,24.0,0.0,,295.0,11.9,41.4,,489.0
1996,2020-06-20,19.2,16.0,23.2,0.0,,299.6,15.5,45.0,,581.0
1997,2020-06-21,19.3,14.3,24.6,0.0,,298.8,10.1,30.6,,778.0
1998,2020-06-22,19.6,14.7,24.5,0.0,,296.3,11.9,36.4,,628.0
1999,2020-06-23,19.4,12.6,25.4,0.0,,286.7,6.8,34.6,,886.0
2000,2020-06-24,18.8,10.0,25.2,0.0,,150.0,6.5,26.6,,706.0
2001,2020-06-25,20.1,13.7,27.4,0.0,,209.2,7.2,36.4,,450.0
2002,2020-06-26,22.0,12.4,29.2,0.0,,142.9,6.8,33.5,,832.0
2003,2020-06-27,24.3,14.9,30.4,0.0,,240.8,8.3,34.2,,675.0
2004,2020-06-28,21.4,15.4,26.6,0.0,,240.8,10.4,42.1,,153.0
2005,2020-06-29,18.6,13.9,23.7,0.0,,227.5,7.9,36.7,,408.0
2006,2020-06-30,18.7,12.5,23.4,0.0,,242.9,13.7,46.4,,637.0
2007,2020-07-01,19.8,15.6,25.6,7.7,,247.9,11.5,41.4,,55.0
2008,2020-07-02,19.2,15.3,25.1,0.4,,226.3,8.6,41.0,,356.0
2009,2020-07-03,18.4,13.1,23.5,0.0,,269.2,9.0,30.6,,403.0
2010,2020-07-04,20.0,13.3,25.5,0.1,,227.5,11.2,38.5,,284.0
2011,2020-07-05,22.4,18.7,28.0,0.0,,243.8,14.8,51.1,,294.0
2012,2020-07-06,16.3,12.2,20.4,0.3,,267.9,15.5,54.7,,487.0
2013,2020-07-07,15.6,11.5,21.5,0.8,,278.8,10.8,46.1,,413.0
2014,2020-07-08,14.6,12.5,16.8,1.2,,249.2,5.0,20.2,,8.0
2015,2020-07-09,18.1,13.7,22.9,0.4,,192.9,8.6,38.9,,6.0
2016,2020-07-10,18.0,11.9,24.1,1.7,,235.8,11.9,58.3,,122.0
2017,2020-07-11,14.7,8.6,21.3,0.0,,300.0,9.4,38.2,,602.0
2018,2020-07-12,16.0,9.1,22.7,0.0,,298.3,6.1,28.8,,566.0
2019,2020-07-13,18.3,7.7,26.7,0.0,,179.6,4.7,22.7,,845.0
2020,2020-07-14,19.9,10.7,28.5,13.1,,208.3,7.2,43.9,,435.0
2021,2020-07-15,14.6,12.5,17.6,19.7,,260.0,4.3,38.5,,69.0
2022,2020-07-16,15.2,12.2,18.5,2.1,,275.8,6.5,21.2,,164.0
2023,2020-07-17,17.8,9.7,23.9,0.0,,299.2,6.1,34.6,,500.0
2024,2020-07-18,19.1,10.6,25.3,0.0,,188.8,4.0,25.6,,600.0
2025,2020-07-19,22.0,12.5,28.9,0.0,,223.3,5.0,29.2,,702.0
2026,2020-07-20,17.7,12.3,22.3,0.0,,299.2,10.4,42.1,,344.0
2027,2020-07-21,16.7,10.5,22.6,0.0,,306.7,8.6,37.1,,712.0
2028,2020-07-22,16.7,8.8,22.4,0.0,,281.7,5.4,27.7,,468.0
2029,2020-07-23,18.5,12.9,24.7,0.0,,242.1,4.7,23.8,,682.0
2030,2020-07-24,20.2,12.0,27.8,0.0,,269.2,9.7,40.0,,435.0
2031,2020-07-25,21.0,15.4,27.2,0.6,,252.1,6.1,27.0,,289.0
2032,2020-07-26,19.9,15.2,25.8,2.2,,230.8,6.5,41.0,,225.0
2033,2020-07-27,19.6,12.9,25.2,0.7,,189.2,6.1,32.0,,321.0
2034,2020-07-28,22.3,13.8,27.2,0.0,,240.0,13.0,46.8,,476.0
2035,2020-07-29,18.1,11.7,23.8,0.0,,274.2,10.8,41.8,,671.0
2036,2020-07-30,18.0,9.7,26.0,0.0,,310.8,6.5,27.7,,845.0
2037,2020-07-31,20.8,11.2,28.7,0.0,,162.5,4.7,22.0,,819.0
2038,2020-08-01,24.0,13.5,34.8,0.0,,194.6,7.6,47.2,,642.0
2039,2020-08-02,18.8,16.7,20.6,6.0,,262.9,6.1,25.9,,114.0
2040,2020-08-03,17.6,13.2,22.6,0.0,,318.8,7.6,27.0,,411.0
2041,2020-08-04,17.3,12.2,22.6,0.0,,305.4,9.7,34.6,,547.0
2042,2020-08-05,20.6,10.3,28.7,0.0,,232.1,5.0,29.9,,868.0
2043,2020-08-06,22.8,13.1,30.4,0.0,,154.2,5.8,30.2,,866.0
2044,2020-08-07,23.9,13.9,32.6,0.0,,162.9,5.0,23.0,,848.0
2045,2020-08-08,27.2,17.3,35.6,0.0,,153.8,4.7,22.0,,774.0
2046,2020-08-09,27.3,18.6,35.3,4.2,,230.8,5.8,47.5,,584.0
2047,2020-08-10,24.2,19.6,29.1,2.0,,171.3,7.2,27.4,,297.0
2048,2020-08-11,25.2,17.0,32.7,0.0,,148.3,7.9,39.2,,787.0
2049,2020-08-12,25.5,16.3,32.6,1.1,,110.8,9.4,36.4,,681.0
2050,2020-08-13,22.2,18.3,25.4,0.3,,148.8,4.3,20.5,,30.0
2051,2020-08-14,21.3,17.7,28.5,6.1,,256.7,5.4,27.7,,92.0
2052,2020-08-15,21.9,18.3,27.2,2.1,,210.8,4.3,19.4,,450.0
2053,2020-08-16,22.3,16.7,29.1,0.0,,162.5,5.0,32.8,,413.0
2054,2020-08-17,20.5,16.3,28.1,5.0,,236.7,5.4,33.1,,300.0
2055,2020-08-18,19.0,15.8,23.9,1.8,,256.7,4.7,26.6,,271.0
2056,2020-08-19,20.4,13.8,26.9,0.0,,190.4,4.7,22.7,,692.0
2057,2020-08-20,23.0,15.5,30.1,0.0,,244.6,5.4,29.9,,324.0
2058,2020-08-21,26.6,17.7,34.1,0.7,,190.8,7.2,32.4,,472.0
2059,2020-08-22,23.5,17.6,28.0,0.0,,247.5,9.4,31.7,,360.0
2060,2020-08-23,20.2,16.2,24.9,0.0,,249.6,12.6,41.8,,396.0
2061,2020-08-24,18.0,15.1,22.8,0.0,,250.4,10.1,41.8,,153.0
2062,2020-08-25,18.1,12.6,23.2,1.9,,228.8,7.9,28.4,,391.0
2063,2020-08-26,18.5,15.3,20.0,0.0,,234.2,16.9,65.2,,79.0
2064,2020-08-27,16.9,14.0,20.3,0.7,,267.1,14.8,56.2,,307.0
2065,2020-08-28,18.0,12.7,23.7,0.0,,194.6,7.9,39.2,,121.0
2066,2020-08-29,17.9,13.5,23.1,0.0,,242.5,10.1,41.0,,399.0
2067,2020-08-30,16.3,10.9,22.3,4.0,,287.5,5.8,25.2,,148.0
2068,2020-08-31,16.5,13.9,20.3,0.0,,297.9,10.8,33.8,,268.0
2069,2020-09-01,15.6,12.2,21.2,0.6,,192.5,6.1,30.6,,201.0
2070,2020-09-02,15.2,9.3,21.2,0.0,,273.3,6.8,34.6,,345.0
2071,2020-09-03,16.8,10.5,22.8,7.8,,254.2,10.1,40.0,,338.0
2072,2020-09-04,18.9,16.4,22.1,0.6,,255.4,8.3,32.4,,41.0
2073,2020-09-05,15.5,12.3,18.5,0.1,,273.8,7.2,32.0,,14.0
2074,2020-09-06,14.3,9.3,19.1,0.0,,277.9,7.9,28.4,,437.0
2075,2020-09-07,15.2,10.4,21.2,0.0,,270.8,5.8,25.6,,416.0
2076,2020-09-08,18.0,9.5,24.7,0.0,,244.2,9.4,37.8,,378.0
2077,2020-09-09,20.2,13.6,26.0,0.4,,238.3,9.7,46.4,,456.0
2078,2020-09-10,15.0,8.7,20.9,0.0,,265.4,7.2,29.2,,478.0
2079,2020-09-11,14.8,6.2,24.1,0.0,,214.2,4.3,24.5,,690.0
2080,2020-09-12,17.8,8.6,27.2,0.0,,212.5,9.0,38.9,,648.0
2081,2020-09-13,18.3,10.2,27.4,0.0,,199.6,4.3,21.2,,522.0
2082,2020-09-14,21.3,11.3,31.8,0.0,,121.3,4.7,23.4,,663.0
2083,2020-09-15,22.5,12.8,32.4,0.0,,144.2,4.7,20.5,,685.0
2084,2020-09-16,22.0,14.3,30.7,0.0,,260.0,7.9,37.8,,401.0
2085,2020-09-17,14.2,6.7,19.5,0.0,,159.2,9.4,33.1,,464.0
2086,2020-09-18,12.2,3.3,20.7,0.0,,172.5,6.8,36.4,,717.0
2087,2020-09-19,12.6,3.4,22.3,0.0,,145.0,5.0,30.6,,692.0
2088,2020-09-20,14.2,4.7,24.0,0.0,,183.3,5.4,24.1,,691.0
2089,2020-09-21,15.3,6.2,24.5,0.0,,170.8,4.3,23.8,,684.0
2090,2020-09-22,17.9,9.1,27.4,0.0,,178.3,4.7,30.2,,671.0
2091,2020-09-23,18.9,12.0,26.4,0.0,,207.5,5.4,29.9,,237.0
2092,2020-09-24,18.2,13.4,21.1,10.4,,203.3,11.2,46.8,,424.0
2093,2020-09-25,13.5,11.1,16.8,1.3,,205.8,9.7,32.4,,295.0
2094,2020-09-26,9.5,8.0,11.3,22.6,,249.6,7.2,32.0,,0.0
2095,2020-09-27,10.4,6.5,13.7,0.0,,196.7,5.8,22.7,,85.0
2096,2020-09-28,12.2,7.5,18.0,0.0,,210.4,5.4,26.3,,432.0
2097,2020-09-29,12.2,5.3,19.5,0.0,,211.7,5.4,24.8,,645.0
2098,2020-09-30,12.2,7.6,17.4,0.0,,154.6,4.0,18.4,,157.0
2099,2020-10-01,13.3,6.2,19.6,0.0,,112.5,6.8,30.2,,513.0
